clade_name	NCBI_tax_id	SRR5665187_mtphln2	SRR5665186_mtphln2	SRR5665185_mtphln2	SRR5665184_mtphln2	SRR5665183_mtphln2	SRR5665182_mtphln2	SRR5665181_mtphln2	SRR5665180_mtphln2	SRR5665179_mtphln2	SRR5665178_mtphln2	SRR5665164_mtphln2	SRR5665163_mtphln2	SRR5665162_mtphln2	SRR5665161_mtphln2	SRR5665160_mtphln2	SRR5665159_mtphln2	SRR5665158_mtphln2	SRR5665157_mtphln2	SRR5665156_mtphln2	SRR5665155_mtphln2	SRR5665144_mtphln2	SRR5665143_mtphln2	SRR5665142_mtphln2	SRR5665141_mtphln2	SRR5665140_mtphln2	SRR5665139_mtphln2	SRR5665138_mtphln2	SRR5665137_mtphln2	SRR5665136_mtphln2	SRR5665135_mtphln2	SRR5665134_mtphln2	SRR5665123_mtphln2	SRR5665122_mtphln2	SRR5665121_mtphln2	SRR5665120_mtphln2	SRR5665119_mtphln2	SRR5665118_mtphln2	SRR5665117_mtphln2	SRR5665116_mtphln2	SRR5665115_mtphln2	SRR5665114_mtphln2	SRR5665103_mtphln2	SRR5665081_mtphln2	SRR5665080_mtphln2	SRR5665079_mtphln2	SRR5665078_mtphln2	SRR5665077_mtphln2	SRR5665076_mtphln2	SRR5665075_mtphln2	SRR5665074_mtphln2	SRR5665073_mtphln2	SRR5665072_mtphln2	SRR5665061_mtphln2	SRR5665060_mtphln2	SRR5665059_mtphln2	SRR5665058_mtphln2	SRR5665057_mtphln2	SRR5665056_mtphln2	SRR5665055_mtphln2	SRR5665054_mtphln2	SRR5665053_mtphln2	SRR5665052_mtphln2	SRR5665051_mtphln2	SRR5665050_mtphln2	SRR5665049_mtphln2	SRR5665048_mtphln2	SRR5665047_mtphln2	SRR5665046_mtphln2	SRR5665045_mtphln2	SRR5665044_mtphln2	SRR5665043_mtphln2	SRR5665042_mtphln2	SRR5665041_mtphln2	SRR5665035_mtphln2	SRR5665034_mtphln2	SRR5665033_mtphln2	SRR5665032_mtphln2	SRR5665031_mtphln2	SRR5665030_mtphln2	SRR5665029_mtphln2	SRR5665028_mtphln2	SRR5665027_mtphln2	SRR5665026_mtphln2	SRR5665025_mtphln2	SRR5665024_mtphln2
Methanobrevibacter	2157|28890|183925|2158|2159|2172	0	4.08519	0	0	0	0	5.3647800000000005	0.11497	0	0	0.42389	0	0	5.18776	0	0	0	0	2.2597400000000003	0	0	8.24227	0	0	0	0	0	0	0	0	0	3.3373199999999996	0.01516	0	0	4.38108	0	0	0	0	2.05372	0	0	0	7.076160000000001	0	0.41634	0	0	2.5972	0	1.32572	0	0	0	0.6221899999999999	4.392580000000001	0	0.22343000000000002	0	11.29186	0	2.94179	0	0	0	0	0	0	6.28367	0	0	0	0	4.2422699999999995	0	0	0	0	0.2088	0	1.28739	0	0	0
Methanosphaera	2157|28890|183925|2158|2159|2316	0	0	0	0	0	0	0	0	0	0	0	0	0	0	0	0	0	0	0	0	0	0	0	0	0	0	0	0	0	0	0	0	0	0	0	0	0	0	0	0	0	0	0	0	0	0	0.23285	0	0	0	0	0	0	0	0	0	0	0	0	0	0	0	0	0	0	0	0	0	0	0	0	0	0	0	0	0	0	0	0	0	0	0	0	0	0
Actinobaculum	2|201174|1760|2037|2049|76833	0	0	0	0	0	0.053860000000000005	0	0	0	0	0	0	0	0	0	0	0.23624	0	0	0	0	0	0	0	0	0	0	0	0	0	0	0	0	0	0	0	0	0	0	0	0	0	0	0	0	0	0	0	0	0	0	0	0	0	0	0	0	0	0	0	0	0	0	0	0	0	0	0	0	0	0	0	0	0	0	0	0	0	0	0	0	0	0	0	0
Actinomyces	2|201174|1760|2037|2049|1654	0.013309999999999999	0	0	0	0.01151	0	0	0.10092000000000001	0.02418	0	0.00899	0.10075	0	0	0	0	0.13999	0	0	0	0.07591	0	0	0	0.48081999999999997	0.0597	0	0	0.03642	0	0.16772	0	0.17798	0	0.060239999999999995	0	0.04222	0	0	0	0	0	0	0	0	0	0.09888	0.04172	0.13727	0	0.23271999999999998	0	0.00748	0	0	0	0	0.0162	0.20432	0.41088	0	0	0	0	0	0	0	0	0.0039700000000000004	0	0	0	0	0.03599	0	0	0	0	0	0.009000000000000001	0	0	0	0	0
Trueperella	2|201174|1760|2037|2049|1069494	0	0	0	0	0	0	0	0	0	0	0	0	0	0	0	0	0	0	0	0	0	0	0	0	0	0	0	0	0	0	0	0	0	0	0	0	0	0	0	0	0	0	0	0	0	0	0	0	0	0	0	0	0	0	0	0	0	0	0.0486	0	0	0	0	0	0	0	0	0	0	0	0	0	0	0	0	0	0	0	0	0	0	0	0	0	0
Bifidobacterium	2|201174|1760|85004|31953|1678	7.34236	0	5.82712	0	0.22974	5.92587	0	26.81778	0	10.63242	3.70925	0	0.0772	0	30.64855	12.91264	13.633629999999998	9.05976	38.04163	0	6.90447	0	14.824760000000001	0	0	30.467859999999998	0	0	1.62792	2.8039	0.0211	0	1.34966	0	1.5058	1.3099	18.46251	78.25171	0	0	0	0	0	0	5.7079	20.21217	0	0	0	32.90886	0.04386	2.70182	0	0	0	11.67507	3.6531800000000003	44.17836	0	17.00909	0	11.325339999999999	3.0590200000000003	0.61503	0	12.59435	46.77346	0	3.99445	5.365069999999999	0	0.44909	6.29505	8.48501	0	22.84362	25.90256	2.2407	1.5839	26.591390000000004	4.28446	0.789	3.51084	5.339180000000001	0
Lawsonella	2|201174|1760|85007||1847725	0	0	0	0	0	0	0	0	0	0	0	0	0	0	0	0	0	0	0	0	0	0	0	0	0	0	0	0	0	0	0	0	0	0	0	0	0	0	0	0	3.1520799999999998	0	0	0	0	0	0	0	0	0	0	0	0	0	0	0	0	0	0	0	0	0	0	0	0	0	0	0	0	0	0	0	0	0	0	0	0	0	0	0	0	0	0	0	0
Rothia	2|201174|1760|85006|1268|32207	0	0	0	0	0	0.08236	0	0.13217	0	0	0	0	0	0	0	0	0	0	0	0	0.18558	0	0.07721	0	0.08104	0	0	0	0.39979000000000003	0	0	0	0.055170000000000004	0	0	0	0	0	0	0	0	0	0	0	0	0.00555	0	0	0	0	0.05946	0	0	0	0	0	0	0	0.10142999999999999	0	0	0	0	0	0.07242	0	0.00647	0	0	0	0	0	0	0	0.37567	0	0.08786000000000001	0	0	0.01183	0.0592	0	0	0	0
Propionibacterium	2|201174|1760|85009|31957|1743	0	0	0.02815	0	0	0	0	0	0	0	0	0	0	0	0	0	0	0	0.02698	0	0	0	0	0	0	0	0	0	0	0	0	0	0	0	0	0	0	0	0	0	0	0	0	0	0.029960000000000004	0	0	0	0	0	0	0	0	0	0	0	0	0	0	0	0	0	0	0	0	0	0	0	0	0	0	0	0	0.17464000000000002	0	0	0	0	0	0	0	0	0	0	0
Atopobium	2|201174|84998|84999|1643824|1380	0	0	0	0	0	0	0	0	0	0	0	0	0	0	0	0	0	0	0	0	0	0	0	0	0	0	0	0	0.04414	0	0	0	0	0	0	0	0	0	0	0	0	0	0	0.054439999999999995	0	0	0	0	0	0	0	0	0	0	0	0	0	0	0	0	0	0	0	0	0	0	0	0	0	0	0	0	0	0	0	0	0	0	0	0	0	0	0	0	0
Collinsella	2|201174|84998|84999|84107|102106	23.5126	6.0328599999999994	4.10879	1.4169399999999999	4.67581	10.11635	3.6670599999999998	17.00392	5.9910000000000005	0	9.95952	0	0	3.2860300000000002	0.44682	31.599259999999997	23.58653	0.043089999999999996	10.743160000000001	0	2.64637	0	5.7899400000000005	0.07964	0.08277000000000001	0	0	0	7.44031	9.00602	4.17696	0	8.783439999999999	0	17.93286	4.0118	10.81915	21.74829	0	21.13936	0.14374	0	0	1.80405	7.872330000000001	2.35586	17.05017	3.5258	17.632579999999997	19.53898	21.2227	14.833160000000001	5.1681	0	7.1764	5.59494	1.6499400000000002	12.96952	12.0049	11.4207	0	9.46787	41.537890000000004	0	0	0	12.78445	0	21.598860000000002	11.18672	0	0.11760999999999999	9.66681	8.829139999999999	5.98245	0	0	0.08794	0	6.86345	21.54615	2.17725	2.87305	6.2198400000000005	0
Enorma	2|201174|84998|84999|84107|1472762	0.005679999999999999	0	0	0	0	0	0	0	0	0	0	0	0	0	0	0	0	0	0.24155	0	0	0.20387	0	0	0	0	0	0	0	0	0	0	0	0	0	0	0	0	0	0	0	0	0	0.25509	0	0	0	0	0.00466	0.0034700000000000004	0	0	0	0	0	0	0	0	0.00564	0	0	0	0	0	0	0	0.022619999999999998	0	0	0	0	0	0	0	0	0	0	0	0	0	0.00312	0	0	0	0
Adlercreutzia	2|201174|84998|1643822|1643826|447020	0.29431	1.34712	0.14125	0.13469	0.41286999999999996	0	0	0.23214	0.13194	0	0.015719999999999998	0.61869	0.01641	0	0	1.08671	0.15497	0	0.02469	0	0.15036	0.37151999999999996	0	0	0	0.30679	0	0	0.30511	0.23592	0	1.31701	0.00988	0	0.25048000000000004	0	0	0	0	0	0.043289999999999995	0	0	1.30071	0.1289	0.02578	1.2128700000000001	0.93279	0.32204	0	0	0.06959	0	0	0.15694	0.4574	0.022609999999999998	0	0.07257999999999999	0.21254	0	0.05515	0.08709	0	0	0.46063999999999994	0	0	0.42977	0.8777299999999999	0.37225	0.00352	0.31645	0.22551999999999997	0.22100999999999998	0.11335	0	0	0.02696	0	0.5675600000000001	0.25131	0.02105	0.0181	0
Asaccharobacter	2|201174|84998|1643822|1643826|553372	0.58367	1.35007	0.49533999999999995	0.10255	0.16426	0	0	0.16435999999999998	0.16364	0	0	1.36176	0.06823	0	0	1.0316299999999998	0.19094	0	0.25739	0	0.09909	0.47961000000000004	0.05078	0	0	0.87579	0	0	0.64913	0.25811	0.00903	1.36628	0.0235	0	0.46138999999999997	0	0	0	0	0	0.42239	0	0	2.36318	0.1007	0.06626	1.4681	5.3071	0.27579000000000004	0	0	0.3337	0	0	0.18562	0.60148	0.0811	0	0.03009	0.24929	0	0.0295	0.15423	0	0	1.60499	0	0	0.07128999999999999	0.71887	0.33153	0.055979999999999995	0.43355	0.66582	0.76077	0.24856	0	0	0.06673	0.01525	0.8052600000000001	0.27366999999999997	0.03174	0.09257	0
Eggerthella	2|201174|84998|1643822|1643826|84111	0.14004	0.09497	0	0.00646	0.40662	0.30701999999999996	0	0.28663	0.41735	2.60626	0	1.22733	0.06204	0	0	0	0.9419799999999999	0.9478700000000001	0	0	0.08199999999999999	1.4160700000000002	0	2.97302	5.419490000000001	1.0906200000000001	0	2.0447599999999997	0	0.2293	2.4704	2.32513	0.1057	0	0.14835	0	2.87487	0	4.21481	0.88354	0.40885	0	0	5.79587	0	0	0.04999	0	0.12307	0	0	0	3.4824300000000004	0	0.13723	0	0	1.77365	12.33352	0.11150999999999998	0	0	0.60158	1.17635	1.9184599999999998	1.86591	0.6570199999999999	1.3003799999999999	1.21526	0.00893	0.35036	0.45902	0.22044	0	0.24769000000000002	0.30094	3.0527599999999997	1.7678599999999998	0.09687	0.01685	0	0	0.10761	0	0
Enterorhabdus	2|201174|84998|1643822|1643826|580024	0	0.00541	0	0	0	0	0	0	0	0	0	0.00801	0	0	0	0	0	0	0	0	0	0	0	0	0	0	0	0	0	0	0	0.01379	0.0048200000000000005	0	0	0	0	0	0	0	0	0	0	0	0	0	0.01372	0	0	0	0	0	0	0	0	0	0.00394	0	0.00824	0	0	0	0	0	0	0	0	0	0	0	0	0	0	0	0	0	0	0	0	0	0	0	0	0	0
Gordonibacter	2|201174|84998|1643822|1643826|644652	1.40554	0.20601	0	0.012980000000000002	0.13284	0.04074	0.007640000000000001	0.354	0.24251	0.55985	0.14935	1.1143	0.00966	0	0	0	0.28019	0.00896	0.14855	0	0.15775999999999998	0.36658	0.27360999999999996	0.5424899999999999	0.31843	0.58683	0	0.07621	1.05426	0.28686999999999996	0.87561	0.7890199999999999	0.004379999999999999	0	0.20806999999999998	0	0.16699999999999998	0	0.1277	0.36204000000000003	0.00875	0	0	0.33357	0.023459999999999998	0.13516	0.04343	0.28342	0.31313	0.06734	0.26905999999999997	0.04698	0.318	0	0.04285	0	0	0.26142	2.08049	0.83873	0	0.1001	0.0443	0.05967000000000001	0.13014	0.08148999999999999	0.64571	2.26366	0.25813	0	0	0.13185999999999998	0.14085	0.09926	0.09636	0.06572	0.14006	0.08724	0.0030800000000000003	0	0.20825	0.03632	0	0.08607000000000001	0
Slackia	2|201174|84998|1643822|1643826|84108	0	4.329330000000001	2.455	0	0	0	0	0	0	0	0	0	0	0	0	0	0	0	0	0	0	0	0	0	0	0	0	0	0	0	0	0	1.12866	0	0	0.12569	0	0	0	0	0	0	0	0	0	0	1.78675	0	0	0	0.97588	0.22168000000000002	0	0	0	2.02299	0	0	0.00432	0	0.6319100000000001	0.62568	4.48491	0	0	0	0	0	0	0	0	0	0	0	0	0	0	0	0	0.0868	0	0	0	0	0
Bacteroides	2|976|200643|171549|815|816	0.2842	9.01293	8.77487	8.03214	0.09143	0.33168000000000003	2.52779	0.09312999999999999	10.20464	0.85554	4.10881	2.92104	34.413090000000004	1.08112	0	0.8127300000000001	6.86682	4.0059	7.9058399999999995	0	0.89155	1.59379	1.3885299999999998	0.97849	0	0	0	0	0	6.55915	1.7322400000000002	3.3753	0.7896	0	0.55156	4.2004	0.054729999999999994	0	0.42757	1.25999	4.18468	0	0	8.63686	1.23071	3.39791	3.5326400000000002	25.66674	0.10347	0.23364000000000001	0.01853	2.51872	11.78761	0	0	0	2.72684	0	20.893279999999997	5.1727099999999995	0.12993	2.5323900000000004	1.49055	13.56901	1.0801	0.21466999999999997	0.6428	0	0	0.7025100000000001	6.671819999999999	0.81186	0.29478000000000004	0.01152	0.12180999999999999	0.02914	0.19155	3.92323	2.95053	0.34048	0.63352	0.93425	5.89705	7.1958899999999995	0
Barnesiella	2|976|200643|171549|2005519|397864	0.5837899999999999	0.43205	0.11852	0.17898	0	0	0	0	0.27823000000000003	0	0.22605	0	0	0	0	0	0	0	1.04942	0	0	0	0	0	0	0	0	0	0	0	0	0.11585999999999999	0	0	0	0	0	0	0	0	0.39193	0	0	0	0	0	0	1.64025	0	0	0	0	0	0	0	0	0.42928999999999995	0	0	0.60661	0	0	0	0	0	0	0.00162	0	0	0.03913	0	0	0	0	0	0	0	0	0	0	0	0	0	0.92086	0
Coprobacter	2|976|200643|171549|2005519|1348911	0	0	0	0	0	0	0	0	0	0	0	0	0	0	0	0	0.11549000000000001	0	0	0	0	0	0	0	0	0	0	0	0	0	0	0	0	0	0	0	0	0	0	0	0	0	0	0	0	0	0	0	0	0	0	0	0	0	0	0	0	0	0	0	0	0	0	0	0	0	0	0	0	0	0	0	0	0	0	0	0	0	0	0	0	0	0	0	0
Odoribacter	2|976|200643|171549|1853231|283168	0	0	0.05089	0	0	0	0.15741	0	0	0	0.35461	0	1.17446	0	0	0	0	0	0	0	0	0	0	0	0	0	0	0	0	0	0	0	0	0	0	0	0	0	0	0	0	0	0	0	0	0	0	0	0	0	0	0	0	0	0	0	0	0	0.1496	0	0.1583	0	0.0445	0.44819	0	0	0	0	0	0	0	0	0	0	0.06137000000000001	0	0	0	0.02685	0	0	0	0	0	0
Porphyromonas	2|976|200643|171549|171551|836	0	0.07203	0	0	0	0	0	0	0	0	0	0	0	0	0	0	0	0	0	0	0	0	0	0	0	0	0	0	0	0	0	0.13541	0	0	0	0	0	0	0	0	0	0	0	0	0	0	0	0	0	0	0	0	0	0	0	0	0	0	0	0.31128	1.9562	0	0	0	0	0	0	0	0	0	0	0	0	0	0.33969	0	0	0	0	0	0	0	0	0	0
Paraprevotella	2|976|200643|171549|171552|577309	0	0	0	0	0	0	0	0	0	0	0	0	0	0	0	0	0	0	0	0	0	0	0	0	0	0	0	0	0	0	0.13352	0	0	0	0	0.26142	0	0	0	0	0	0	0	0	0	0	0	0	0	0	0	0.02267	0	0	0	0	0.03873	0	0	0	0	0.50664	0	0	0	0	0	0	0	0	0	0	0	0	0	0	0	0	0	0	0	0	0	0	0
Prevotella	2|976|200643|171549|171552|838	0	0.25904	0	0	0	0	0	0.07343	0	0	0	0	34.81398	0	0	0	0	0	0	0	0	0	0	0	0	0	0	0	0	0	0	0	0	0	0	26.131970000000003	0	0	0	0	0	0	0	0	0	0	2.5365599999999997	0	0	0	1.29247	0	0.01645	0	0	0	2.27255	0	0	0.08871	0.04421	0.22649	0	0	0	0	0	0	0	0	0	0	0	0	0	0	0	0	0	0	0	0	0	0.57736	0
Alistipes	2|976|200643|171549|171550|239759	7.8626	0.13430999999999998	2.00326	0.48039	0	0.060660000000000006	0.06999	0.021330000000000002	0	0	0.81507	1.5005	0.13174	0	0	0.26006	0.07215	0.25344	2.44083	0	0.08229	1.53566	0	0	0	0	0	0	0	4.73824	0	0.15841	0.06587	0	0.13525	1.13715	0	0	0	0	4.278519999999999	0	0	0	0.31149	0	0	0.91753	0	0.00678	0	1.36668	0.252	0	0	0	1.30501	0	13.6507	0.22368000000000002	0	0.26738	0.63707	4.03329	0	0	0.11264	0	0	0.63276	0	0	0.66679	0	0.2201	0.06786	0	0	0.7351800000000001	0	0	0.09472	1.09714	2.94775	0
Rikenella	2|976|200643|171549|171550|28138	0	0	0	0	0	0	0	0	0	0	0	0	0	0	0	0	0	0	0	0	0	0	0	0	0	0	0	0	0	0.06162	0	0	0	0	0	0	0	0	0	0	0	0	0	0	0	0	0	0	0	0	0	0	0	0	0	0	0	0	0	0	0	0	0	0	0	0	0	0	0	0	0	0	0	0	0	0	0	0	0	0	0	0	0	0	0
Parabacteroides	2|976|200643|171549|2005525|375288	0.10547999999999999	0.16530999999999998	1.2977100000000001	0.34068000000000004	0	0	0.15841	0.00271	0.8851600000000001	0	0.05462	0.30528	5.59166	0	0	0	0.24928000000000003	0	0.30682	0	0	0	0.13299	0	0	0	0	0	0	0.08315	0.39614	0.0842	0	0	0.02818	1.71976	0	0	0	0	0.30827	0	0	0.36193000000000003	0.20992	0	1.18179	0.7128399999999999	0.013819999999999999	0.11646	0.06312000000000001	0.13852	0	0	0	0.19739	0.63137	0	0.12112	0.8591799999999999	0.04577	0.04066	0.21163	0.8753799999999999	0	0	0	0.027639999999999998	0	0.00474	0	0.03032	0.0427	0	0	0	0.29796	0.12120999999999998	0.04653	0	0.0037600000000000003	0.030430000000000002	2.16309	1.88297	0
Gemella	2|1239|91061|1385||1378	0	0	0	0	0	0.03687	0	0	0	0	0	0	0	0	0	0	0	0	0	0	0	0	0	0	0.28891999999999995	0	0	0	0.0945	0	0	0	0.02425	0	0	0	0	0	0	0	0	0	0	0	0	0	0	0	0	0	0.13097999999999999	0	0.16782	0	0.00941	0	0	0	0	0	0	0	0	0	0	0	0	0.01785	0	0	0	0	0	0	0.08201	0	0	0.006229999999999999	0	0	0.022269999999999998	0	0	0	0
Enterococcus	2|1239|91061|186826|81852|1350	0	0	0	0	0	0	0	0	0	0	0	0	0	0	0	0	0	0	0	0	0	0	0	0	0	0	0	0	0.04203	0	0	0.20357	0	0	0	0	0	0	0	0	0	0	0	0	0	0	0	0	0	0	0	0	0	0	0	0	0	0	0	0	0	0	0	0	0	0	0	7.33855	0	0	0	0	0	0	0	0	0.34703	0	0	0	0	0.12144	0	0	0
Lactobacillus	2|1239|91061|186826|33958|1578	0	0	0	0	0	1.40998	0	0	0	0	0	0.055929999999999994	0	0	3.14051	0	0	0	0	0	0	0	0	0	0.00812	0.13399	0	0	1.65452	0	0	0	0	0	0	0	0	0	0	0	0	0	0	0	0	0	0	0	0.43883999999999995	0	0.14779	0	0	0	0	0	0	0	0.01153	0	0	0	0	0	0	0	0	0.03673	0.034319999999999996	0.35679	0	0	0	0	0	0.05442	0.81903	0	0	0	0.26732	0	0	0	0
Leuconostoc	2|1239|91061|186826|81850|1243	0	0	0	0	0	0	0	0	0	0	0	0.04049	0	0	0	0	0	0	0	0	0	0	0	0	0	0	0	0	0	0	0	0	0	0	0	0	0	0	0	0	0	0	0	0	0	0	0	0	0	0	0	0	0	0	0	0	0	0	0	0	0	0	0	0	0	0	0	0	0	0	0	0	0.01031	0	0	0	0	0	0	0	0	0	0	0	0
Weissella	2|1239|91061|186826|81850|46255	0	0	0.19530999999999998	0	0	0	0	0	0	0	0	0	0	0	0	0	0	0	0	0	0	0	0	0	0.11684000000000001	0	0	0	0	0	0	0	0	0	0	0	0	0	0	0	0	0	0	0	0	0	0	0	0	0	0	0	0	0	0	0	0	0	0	0	0	0	0	0	0	0	0	0	0	0	0	0	0	0	0	0	0	0	0	0	0	0	0	0	0
Lactococcus	2|1239|91061|186826|1300|1357	0.030789999999999998	0	0	0	0	0	0	0	0	0	0	0	0	0	0	0	0	0	0	0	0	0	0	0	0	0	0	0	0	0	0	0	0	0	0	0	0	0	0	0	0	0	0	0	0	0	0	0	0	0	0	0	0	0	0	0	0	0	0.03669	0	0	0	0	0	0	0	0	0	0	0.19546	0	0	0	0	0	0	0.027339999999999996	0	0	0.03347	0.04297	0	0	0	0
Streptococcus	2|1239|91061|186826|1300|1301	0.5812	1.3072700000000002	0.41058999999999996	0.8896	0.56657	14.82213	0.12347999999999999	1.39404	1.2941799999999999	1.03824	3.19211	0.45702	0.28194	0.057960000000000005	15.535520000000002	0.057379999999999994	0.71045	0.73927	2.93292	0	3.94255	1.23863	4.98186	3.5747699999999996	33.72501	0.80914	0	0	17.428520000000002	0.5368	0.32614	0.06541	4.87829	0	1.7314	0	0.62713	0	1.99205	1.4202	3.6646300000000003	0	0	0.05016	0	0.65179	1.27311	24.00769	2.81023	0	3.5236099999999997	2.06485	0.75972	0	0.09444	0	0.34684	0.5656100000000001	0.29414	0.06654	0	0	0.04389	0.41403	2.60023	0.36551	4.10364	5.21523	0.22296	4.03608	1.1177	0.030119999999999997	5.4596599999999995	0.28954	14.857679999999998	0.0461	8.16183	0.99792	0.03038	9.06788	4.3550699999999996	0.12272000000000001	0	0	0
Catabacter	2|1239|186801|186802|424536|270497	0	0	0	0	0	0	0	0	0	0	0	0	0	0	0	0	0.0339	0	0	0	0	0	0	0	0	0	0	0	0	0	0	0.030080000000000003	0	0	0	0	0	0	0	0	0	0	0	0	0	0	0	0	0	0	0	0	0	0	0	0	0	0	0.28217	0	0	0	0	0	0	0	0	0	0	0	0	0	0	0	0	0	0	0	0	0	0	0	0	0	0
Christensenella	2|1239|186801|186802|990719|990721	0	0	0	0	0	0	0	0	0	0	0	0	0	0	0	0	0	0	0	0	0	0	0	0	0	0	0	0	0	0	0	0	0.017269999999999997	0	0	0	0	0	0	0	0	0	0	0	0	0	0	0	0	0	0	0	0	0	0	0	0	0	0	0.04498	0	0	0.09525	0.03513	0	0	0	0	0	0	0	0	0	0	0	0	0	0	0	0	0	0	0	0	0
Butyricicoccus	2|1239|186801|186802|31979|580596	0	0	0	0	0	0	0	0	0	0	0	0	0	0	0	0	0	0	0	0	0	0	0	0	0	0	0	0	0	0	0	0	0	0	0	0	0	0	0	0	0	0	0	0	0	0	0	0	0	0	0	0	0	0	0	0	0	0	0	0	0	0	0	0	0	0	0	0	0	0	0	0	0	0	0	0	0	0	0	0.14737999999999998	0	0	0	0	0
Clostridium	2|1239|186801|186802|31979|1485	0.6804	0	0.06783	0.37114	0	0.0032700000000000003	0.057960000000000005	0	0.69204	0	0.38756999999999997	0	0	0	0	0	0	0	0	0	0	0.34168000000000004	0	0	0	0	0	0	0	0	0	0.15259	0.056179999999999994	0	0	0	0	0	0	0	0	0	0	0	0.6543399999999999	0	0.22929000000000002	0	0	0.21625999999999998	0.07866000000000001	0.06468	0.00831	0	0	0.71163	0.3048	0	0	0	0	0.49137	1.06009	0.02538	0.0405	0	0	0.47116	0	0.18961	0	0.09272999999999999	0	0	0	0.1242	1.45895	0	0.63793	0	0.0146	0.04866	0.07514	0.31368	0
Hungatella	2|1239|186801|186802|31979|1649459	0	0	0	0	0	0	0	0	0	0	0	0	0	0	0	0	0	0	0	0	0	0	0	0	0	0	0	0	0	0	0	0	0	0	0	0	0	0	0	0	0	0	0	1.7799	0	0	0	0	0	0	0	0	0.03951	0	0	0	0	0	0	0	0	0	0	0.02085	0	0	0	0	0	0	0	0	0	0	0	0	0.06556000000000001	0	0	0	0	0	0	0	0
Clostridiales_Family_XIII_Incertae_Sedis_unclassified		0	0	0	0	0	0	0	0	0	0	0	0	0	0	0	0	0	0	0	0	0	0	0	0	0	0	0	0	0	0	0	0	0	0	0	0	0	0	0	0	0	0	0	0	0	0	0	0	0	0	0	0	0.01835	0	0	0	0	0	0.01856	0	0	0	0	0	0	0	0	0	0	0	0	0	0	0	0	0	0	0.01627	0	0	0	0	0	0	0
Intestinimonas	2|1239|186801|186802||1392389	0	0	0	0.0054600000000000004	0	0	0	0	0	0	0	0	0	0	0	0	0	0.73351	0	0	0	0	0	0	0	0	0	0	0	0.01803	0	0	0	0	0	0	0	0	0	0	0	0	0	0	0	0	0	0	0	0	0	0	0	0	0	0	1.20895	0	0	0	0	0	0	0	0	0	0	0	0	0	0	0	0	0	0	0	0	0	0	0	0	0	0	0.02443	0
Lawsonibacter	2|1239|186801|186802||2172004	0	0	0	0.00367	0	0	0.04292	0	0	0.37587	0	0	0.14939000000000002	0	0	0	0	0	0	0	0	0	0	0	0	0	0	0	0	0	0	0	0	0	0	0	0	0	0	0	0	0	0	0.32485	0	0	0	0	0	0	0	0	0	0	0	0	0.01257	0	0	0.11407	0	0.05976	0	0	0	0	0	0	0	0	0	0	0	0	0	0	0	0	0.06997	0	0	0.09602000000000001	0	0	0
Monoglobus	2|1239|186801|186802||2039302	5.1824900000000005	0.31316	0	0.19091	0	0	0.9100299999999999	0.81467	0.25716	1.37771	0	1.35172	0	0.6854399999999999	0	0	0	1.71665	0.01305	0	0.17384000000000002	0.1929	1.17418	0	0	0	0	0	0	0.46631999999999996	2.04625	1.72426	0	0	1.25339	0.11454	0	0	0	0	0	0	0	0	0.94245	0	0	0	0.19195	0	0	0	0	0	0.02806	0	0	0.36924	0.38919000000000004	0.02494	0	0	0.78759	0	0	1.38309	0.34404	0	0.27804	1.38598	0	0	0	0	0	0	0	0	0.12555999999999998	0	0.07082000000000001	0.44714	0	0	0
Eubacteriaceae_unclassified		0	0	0	0	0	0	0	0	0	0	0	0	0	0	0	0	0	0	0	0	0	0	0	0	0	0	0	0	0	0	0	0	0	0	0	0	0	0	0	0	0	0	0	0	0	0	0	0	0	0	0.01708	0	0	0	0	0	0	0	0	0	0	0	0	0	0	0	0	0	0	0	0	0	0	0	0	0	0	0	0	0	0	0	0	0	0
Eubacterium	2|1239|186801|186802|186806|1730	3.4080699999999995	17.92408	5.57153	1.01	10.49827	0.64676	0.60617	8.49451	1.92495	8.390369999999999	4.44819	4.37542	0.14856	0.4086	3.3747199999999995	23.20992	4.78108	1.3873799999999998	5.75016	0	7.0579600000000005	35.0459	5.1669599999999996	7.83312	0.57624	0	0	0.14465999999999998	0.8976	19.723470000000002	12.8843	5.273219999999999	5.12308	0	5.74822	13.31945	0.8739600000000001	0	0	5.18874	13.191429999999999	0	0	0	5.2388900000000005	3.4777099999999996	4.31725	2.35386	6.567	6.987589999999999	0.26935	8.40343	0.056229999999999995	0	9.924489999999999	0.54806	4.62333	0	3.6147400000000003	2.85909	14.768479999999998	4.4356800000000005	0.93748	7.759460000000001	0.1879	13.41111	4.83598	4.14835	6.92557	4.4164	3.05143	0.27037	0.16239	4.86408	1.71407	7.85188	0	5.55932	1.57321	6.9312	5.61069	3.5919300000000005	1.61866	7.94965	0
Anaerostipes	2|1239|186801|186802|186803|207244	1.5376	9.67769	3.3888599999999998	2.49483	7.10054	4.30112	2.23135	13.03063	6.50674	16.88295	9.98882	4.1808	0.17181	2.9908	18.61723	0.41313999999999995	0.7612399999999999	11.159239999999999	1.29152	0	4.76639	8.712660000000001	3.51045	49.62157	15.59407	12.69248	0	0.74044	0.01732	5.4688	11.52545	0.7348	6.73077	0	40.58355	0.21311999999999998	5.74444	0	0	14.0824	30.09607	0	0	4.72882	1.56146	9.628060000000001	34.28453	0	2.83353	5.12102	2.57905	8.055019999999999	6.930960000000001	0	2.48843	1.37604	0.6513	8.6554	0.9437	10.864419999999999	16.491020000000002	7.761710000000001	3.5356300000000003	2.46258	46.78816	8.5691	9.29654	1.32533	4.15344	0.67205	0.93627	1.01766	17.49224	3.45661	9.35872	9.51445	13.2793	8.553180000000001	0.65208	1.42479	5.05357	3.70629	1.85506	4.57764	0
Anaerotignum	2|1239|186801|186802|186803|2039240	0	0	0	0	0	0.02623	0	0	0.83094	0	0	0.06542	0	0	0	0	0.15793	0	0	0	0	0	0	0	0	0	0	0	0	0	0	0	0	0	0	0	0	0	0	0	0	0	0	0	0	0	0	0	0	0	0.02441	0	0	0	0	0	0	0	0	0	0	0	0	0	0.19733	0	0	0	0	0	0	0	0	0	0	0	0	0	0.8222299999999999	0	0	0	0.05445	0	0
Blautia	2|1239|186801|186802|186803|572511	3.6919800000000005	7.26024	6.75736	1.0957	36.85887	14.9344	2.05479	20.438670000000002	20.36319	9.82855	12.563419999999999	12.20322	5.31681	1.59425	10.54279	15.98901	4.77128	5.62185	4.41102	0	15.88344	9.80861	5.31269	21.11279	30.269779999999997	24.0314	0	5.39098	0.73711	4.22809	21.97565	9.29209	11.01896	0	9.399410000000001	0.6136	19.53929	0	65.82295	14.20665	9.06692	0	0	25.91304	1.92477	2.01724	14.732070000000002	16.71044	10.75735	6.11768	6.82223	8.83827	46.653040000000004	0	51.183659999999996	3.7984199999999997	8.397780000000001	7.778789999999999	8.528739999999999	2.47385	15.482879999999998	19.362070000000003	12.89894	30.13076	13.168220000000002	13.35535	4.44355	0.9654	17.167370000000002	23.76321	10.29214	3.53882	17.83309	16.31488	27.84126	44.14958	15.330370000000002	62.1023	2.50779	22.986279999999997	6.41557	9.55954	4.38176	3.55444	0
Butyrivibrio	2|1239|186801|186802|186803|830	0	0	0	0	0	0	0	0	0	0	0	0	0	0	0	0	0	0	0	0	0	0	0	0	0	0	0	0	0	0	0	0.69489	0	0	0	0.3142	0	0	0	0	0	0	0	0	0	0	0	0	0	0	0	0	0	0	0	0	0	0	0	0	0	0	0	0	0	0	0	0	0	0	0	14.337639999999999	0	0	0	0	0	0	0	0	0	0	0	0	0
Coprococcus	2|1239|186801|186802|186803|33042	6.22082	5.75361	1.6501099999999997	1.19147	0.9255200000000001	0	0.35853	0	3.7820099999999996	0	10.64502	5.116230000000001	0.33774	0.21565	0	3.06061	13.046489999999999	0	3.9192199999999997	0	4.0079199999999995	2.07685	2.3337	0.30345	0	0	0	0.9798600000000001	0.9536	6.28512	0	0.08598	2.2937	0	0	1.9978200000000002	0.63978	0	0	3.7366	0.9263600000000001	0	0	0	10.37309	0	1.28219	0	9.71774	2.2503900000000003	13.07047	3.0760099999999997	3.3437300000000003	0	0	0.82396	7.4042699999999995	6.28066	3.4273300000000004	3.92785	1.88274	3.6160699999999997	0.88795	1.29749	6.96783	10.79555	1.30421	1.11617	4.87753	14.465879999999999	7.1114	0	3.41088	1.56734	0.35751	1.22217	0	0.29646	0.3647	0.021330000000000002	2.5524	1.58715	0.45173	1.49576	0
Dorea	2|1239|186801|186802|186803|189330	5.2091199999999995	3.61511	4.117	1.48333	6.7236	4.39674	0.8423799999999999	0.8669600000000001	2.83455	2.34219	7.50185	2.25946	0.09331	0.39416	4.30489	0.28847	3.6529800000000003	8.003810000000001	2.7709900000000003	0	9.6782	3.5057400000000003	2.81312	3.3094	2.46339	11.5907	0	5.0551900000000005	3.87379	1.7698900000000002	1.9646599999999999	2.68198	1.9789	0	5.0079199999999995	1.9513	7.01587	0	0	6.22406	9.7238	0	0	4.93208	0.01401	3.84988	1.35212	12.40373	4.76815	0.94048	0.11164	6.5960600000000005	2.43949	0	4.45815	2.55565	0.42094	8.07443	0.64442	12.07002	3.03032	1.0227	5.37571	10.64056	8.784360000000001	9.74007	3.28985	2.8357	5.9416199999999995	10.48122	0.76758	0.7699699999999999	0.22177	7.896389999999999	10.32873	4.159009999999999	1.32827	2.71245	1.9488299999999998	2.41755	7.018160000000001	4.12025	3.4137	1.42103	0
Eisenbergiella	2|1239|186801|186802|186803|1432051	0	0.30905	0	0	0	0	0	0	0	0	0	0.02866	0.01524	0	0	0	0.40526999999999996	0	0	0	0	0	0	0	0.06487000000000001	0	0	0	0.01305	0	0.03607	0.09422	0	0	0	0	0	0	0	0	0	0	0	0	0	0	0	0	0	0	0	0.07893	0	0	0	0	0.048310000000000006	0	0.02331	0.14337	0	0.15262	0	0.03399	0.15231	0	0	0.06477999999999999	0	0	0.19279000000000002	0	0	0	0	0.44276000000000004	0.16897	0	0	0	0	0	0	0	0
Fusicatenibacter	2|1239|186801|186802|186803|1407607	0.7420399999999999	8.132530000000001	6.671589999999999	1.92356	13.63591	12.05598	1.0741100000000001	0	6.97823	5.3977	3.12243	30.749959999999998	0.13027	0.7216	1.6848900000000002	0	3.31985	10.8696	0.28885	0	5.9491	8.1868	4.432519999999999	3.79744	5.26786	6.3634699999999995	0	2.6048400000000003	0	19.2701	3.4379199999999996	1.01636	14.97998	0	3.63764	2.67062	10.00192	0	9.03674	4.27479	1.10033	0	0	0	1.24712	0	2.42125	0	33.24582	3.4802400000000002	2.59006	1.77425	1.01647	0	12.02102	0.99741	2.59534	4.60414	0.27549	2.76995	5.29042	4.95244	3.339	0	8.09399	11.530380000000001	0.1121	7.242089999999999	28.21542	2.22021	3.86392	0	11.30363	26.491970000000002	16.05868	1.6418700000000002	0	1.7401	2.58343	2.1696299999999997	5.54654	3.7559199999999997	5.9122	2.0190599999999996	0
Lachnoclostridium	2|1239|186801|186802|186803|1506553	0	0	0	0	0	0	0	0	0	0	0	0	0.16236	0	0	0	0.46335	0	0	0	0	0	0	0	0	0	0	0	0	0	0	0	0	0	0	0	0	0	0.40510999999999997	0	0	0	0	1.9553599999999998	0	0	0	0.27166999999999997	0	0	0	0	0.13449	0	0	0	0	0.405	0.27233	0	0	0.022680000000000002	0	0.05582	0	0	0	0	0	0	0.04518	0	0.014230000000000001	0	0	0	0.68272	0.20745	0	0	0	0	0	0	0
Lachnospira	2|1239|186801|186802|186803|28050	0.00716	0.03225	0	0.14456	0	0	0	0	0	0	0	0	0.031139999999999998	0	0	0	0	0	0	0	0.27871	0	0	0.32158000000000003	0	0	0	0	0	0	0	0	0	0	0	0	0	0	0	0	0.42601999999999995	0	0	0	0	0	0.08793	0	0	0	0	0.15736	0	0	0	0	0	0	0	0	0	0	0.02207	0	0	0	0	0	0	0	0.38055	0	0	0	0.02145	0	0	0	0.18174	0.26116	0	0.03857	0	0.05558	0
Lachnospiraceae_unclassified		5.288959999999999	0.04165	17.00325	8.88753	5.59996	5.50619	0	0	28.3001	17.057570000000002	14.62996	2.66784	1.52556	0	8.25992	0.75473	5.98721	4.84959	5.49367	0	9.234860000000001	0.74724	6.772239999999999	0	0.89656	0	0	0	0	2.09443	12.397730000000001	0.01813	11.81731	0	1.57135	5.6116	20.29963	0	0	5.37022	0	0	0	0	0.08953	0	3.16815	0.73245	2.32004	2.47024	5.40219	1.7806099999999998	0.8671	0	5.90043	0.3957	5.2942599999999995	1.6307399999999999	0	0.04082	0	0	1.39887	0	3.88597	0.03138	0	9.3396	2.79127	0.31209000000000003	6.86384	0.72819	23.9829	2.01796	0	1.06857	0.43801	0.09258999999999999	39.502559999999995	0.29862	8.06334	2.1442	39.186690000000006	6.1882	0
Roseburia	2|1239|186801|186802|186803|841	4.45495	9.032110000000001	3.9674699999999996	1.01251	0	0.15802	0.7027800000000001	0.41648	2.488	5.73421	2.1439	1.57751	3.84135	0.5160600000000001	0	1.64553	1.34233	5.39827	0.16139	0	7.7530600000000005	2.29223	1.9893299999999998	0.06951	0.13444	0.024480000000000002	0	0.13877	0.0042899999999999995	0.45338999999999996	3.7700199999999997	0.24588000000000002	5.9113	0	0.76974	7.957260000000001	0	0	1.11449	2.8938900000000003	0.9781700000000001	0	0	11.50643	1.8154400000000002	0.9544299999999999	0.0224	0.7248	2.22506	1.0610899999999999	2.8494	8.99945	0.41843	0	0	8.0222	1.56669	1.51901	0.85	9.8636	3.42691	11.3933	0.92296	0	0.87292	1.06684	3.7066199999999996	4.45474	0.01035	1.0793700000000002	5.86787	6.47276	0.19266	0.69276	1.7476099999999999	0.6413800000000001	0	0.00161	3.3611800000000005	0.2272	16.01057	6.37617	4.57961	6.31005	0
Sellimonas	2|1239|186801|186802|186803|1769710	0	0	0	0	0	0.3426	0	0	0	0	0	0	0	0	0	0	0.3431	0.34567	0	0	0	0	0	0	0.01281	0	0	0	0	0	0.00301	0.01849	0	0	0	0	0	0	0	0	0	0	0	0.03785	0	0	0	0	0	0	0.21658000000000002	0	0.32492	0	0	0	0	0	0.01768	0	0	0	0.21028000000000002	0	0	0.12365999999999999	0	0	0	0	0	0	0	0	0	0	0	0	0	0	0	0	0	0	0
Tyzzerella	2|1239|186801|186802|186803|1506577	0	0	0	0	0	0	0	0	0	0	0	0	0	0	0	0	0	0	0	0	0	0	0	0	0	0	0	0	0	0	0	0	0	0	0	0	0	0	0.2462	0	0	0	0	0	0	0	0	0	0	0	0	0	0	0	0	0	0	0	0	0	0	0	0	0	0.5404399999999999	0	0	0	0	0	0	0	0	0	0	0	0	0	0	0	0	0	0	0	0
Oscillibacter	2|1239|186801|186802|216572|459786	0.28101	0.44138	0	0.0032700000000000003	0	0	0.12445999999999999	0	0	0	0.13041	0	0.059570000000000005	0	0	0	0	0	0.17951	0	0	0.01895	0	0	0	0	0	0	0	0.0037700000000000003	0	0	0	0	0	2.50294	0	0	0	0	0	0	0	0	1.2515399999999999	0	0	0	0	0.07173	0	0.00316	0	0	0	0	3.86625	0	0.05331	1.48406	0.19952999999999999	0.68506	0	0	0	0	0	0	0	0.34613	0	0.31847	0	0	0	0	0	0	0	0	0	0.027589999999999996	0	5.36688	0
Peptococcus	2|1239|186801|186802|186807|2740	0	0	0	0	0	0	0	0	0	0	0	0	0	0	0	0	0	0	0	0	0	0	0	0	0	0	0	0	0	0	0	0	0	0	0	0	0	0	0	0	0	0	0	0	0	0	0	0	0	0	0	0	0	0	0	0	0	0	0.06527999999999999	0	0	0	0	0	0	0	0	0	0	0	0	0	0	0	0	0	0	0	0	0	0	0	0	0	0
Intestinibacter	2|1239|186801|186802|186804|1505657	0.051739999999999994	0	0.10194	0	0	0.01886	0	0	0	0	0.31496	0	0	0	0	0	0	0	0	0	0	0.30435	0	0	0	0.11327000000000001	0	0.23517	0	0	0	0	0.06021	0	0	0	0	0	0	0.08918	0	0	0	0	0	0	0	0	0	0.9054200000000001	0	0	0	0	0	0	0	0	0	0	0	0	0.05521	0.32532	0	0.46293	0	0.3769	0	0.67625	0	0	0.06051	0	0	1.06067	3.6770300000000002	1.20658	0	2.18112	0.36823	0	0	0	0
Peptostreptococcus	2|1239|186801|186802|186804|1257	0	0	0	0	0	0	0	0	0	0	0	0	0	0	0	0	0	0	0	0	0	0	0	0	0	0	0	0	0	0	0	0	0	0	0	0	0	0	0	0	0	0	0	0	0	0	0	0	0	0	0	0	0.07618	0	0	0	0	0	0.01793	0	0.10072	0	0	0	0	0	0	0	0	0	0	0	0	0	0	0	0	0	0	0	0	0	0	0	0
Romboutsia	2|1239|186801|186802|186804|1501226	0.01945	0	0	0	0	0	0	0	0	0	0	0	0	0	0	0	0	0	0	0	0	0	0	0	0	0	0	0	0	0	0	0	0	0	0	0	0	0	0	0	0	0	0	0	0	0	0	0	0	0	0	0	0	0	0	0	0	0	0	0	0	0	0	0	0	0.05271	0	0	0	0	0	0	0	0	0	0	0.03871	0	0	0	0	0	0	0	0
Agathobaculum	2|1239|186801|186802|541000|2048137	0.03568	0.26985	0.5839300000000001	0.21391999999999997	0.43291	0	0.08421000000000001	1.69249	0.34841	3.95116	0.16168	0.35806	0.03228	0	0	0.43738999999999995	0	0.49427	0	0	1.10742	0.23501999999999998	0.29447	0	0	0.3902	0	0.11483	0.8011199999999999	0	1.1250799999999999	2.25496	0.07833	0	0.91807	0.5346	1.70018	0	0	0.79608	0.25056	0	0	0.31306	0.19015	3.75739	0.86364	0	0.39763000000000004	0.01892	0.96454	0.3973	0.08648	0	0.39894	1.05535	0	0	0	0.17499	0	0	0.38873	0.25961999999999996	0.10007	0	0.315	0.03412	0.6534	0.2788	0.24356999999999998	0.565	0	0.81274	1.6183299999999998	0.67605	0	0	0.466	0.01408	0.27443	0.6543899999999999	0.012980000000000002	0.04973	0
Anaeromassilibacillus	2|1239|186801|186802|541000|1924093	0.30224	0	0	0.02797	0	0	0	0	0	0	0	0.03095	0	0	0	0	0	0	0	0	0	0	0	0	0	0	0	0	0.0459	0	0.25434	0.36613	0	0	0	0	0	0	0	0	0	0	0	0.2971	0	0	0	0	0	0	0.14319	0.0526	0	0	0	0	0	0	0	0	0	0.060079999999999995	0	0.013340000000000001	0	0	0.05062	0	0	0	0.01898	0	0	0	0	0	0	0	0	0	0	0.11865	0.05252999999999999	0	0
Anaerotruncus	2|1239|186801|186802|541000|244127	0	0	0	0	0	0	0	0	0	0	0	0	0	0	0	0	0.06383	0	0	0	0	0.01178	0	0	0	0	0	0	0	0	0	0	0	0	0	0	0	0	0	0	0	0	0	0	0	0	0	0	0	0	0	0	0	0	0	0	0	0	0	0	0	0.056229999999999995	0	0.0158	0	0	0	0	0	0	0	0	0	0	0	0	0	0	0	0	0	0	0	0	0
Faecalibacterium	2|1239|186801|186802|541000|216851	1.23748	1.77928	8.401480000000001	1.58877	2.7566	5.51317	0.7159399999999999	5.56265	2.9649799999999997	8.18263	9.29147	2.3242599999999998	4.33517	0.26038	0.60247	0.76284	3.09409	2.31811	0.9804200000000001	0	0.30759000000000003	0.9586100000000001	19.58517	1.33986	0	0.23460999999999999	0	0.53067	8.210519999999999	0.87903	0.61457	0.21001999999999998	1.8914099999999998	0	0.57695	8.85036	0.15695	0	0	3.7022800000000005	1.62811	0	0	0	0.64886	7.74684	0.99618	0.58657	0.44242	10.47902	19.7772	4.857	0.20845999999999998	0	2.84416	9.77052	7.90183	0.11694	0.49793000000000004	2.3566599999999998	0.6146699999999999	17.61099	0.57943	0.00869	0.4962	1.76702	0.95529	36.93613	0.09151000000000001	1.31598	12.83821	5.68121	0.16702	3.22898	2.29311	0.36378	0	0.05055	4.28833	0.0776	1.9917799999999999	6.860860000000001	14.9079	11.0178	0
Flavonifractor	2|1239|186801|186802|541000|946234	0	0	0	0	0	0	0	0	0.4143	0.49943999999999994	0	0.3647	0.04974	0	0	0	0.20515	0.5738300000000001	0	0	0	0	0	0	0	0	0	0	0	0	0	0	0	0	0	0	0.010459999999999999	0	0	0	0	0	0	0.40404	0	0	0	0.15985	0	0	0	0	1.29334	0	0	0	0.11347	0	0	0	0	0.23986999999999997	0.03234	0.44419	0.06992000000000001	0	0.023219999999999998	0.02816	0	0	0.007359999999999999	0	0	0	0	0	0	0.26952	2.10352	0	0	0	0	0	0
Gemmiger	2|1239|186801|186802|541000|204475	0.7140000000000001	0.61442	0.05097	0.02773	0.80961	0.04911	0.03542	0.0906	0	0	0.1804	0.43254	0.043789999999999996	0	0	0.8988299999999999	0.04208	1.3005	0	0	0	0.32464	0.0937	0.16844	0	0	0	0.02646	0	0	0	0	1.41141	0	0.04808	0.14876	0.019180000000000003	0	0	0	0	0	0	0.25118	1.39686	0.1512	0.8200799999999999	0	0	0.35007	0	0.2849	0	0	0	0.1803	0.0581	0.08408	0.01198	0.79728	0.23362	0	0.07222999999999999	0	0	0.25313	0	0.22855	0.11838	0.313	0.19509	0	0	0.04593	0	0	0	0	0	0.0061200000000000004	0.035789999999999995	0.10943	0.28861	0.40876	0
Harryflintia	2|1239|186801|186802|541000|1892380	0	0	0	0	0	0	0	0	0	0	0	0	0	0	0	0	0	0	0	0	0	0.07127	0	0	0	0	0	0	0	0	0	0	0	0	0	0	0	0	0	0	0	0	0	1.83905	0	0	0	0	0	0	0.0037600000000000003	0	0	0	0	0	0	0	0	0	0	0	0	0	0	0	0	0	0	0	0	0	0	0	0	0	0	0	0	0	0	0	0	0	0
Pseudoflavonifractor	2|1239|186801|186802|541000|1017280	0	0	0	0	0	0	0	0	0	0	0	0	0	0	0	0	0	0	0	0	0	0	0	0	0	0	0	0	0	0	0	0	0	0	0	0	0	0	0	0	0	0	0	0	0	0	0	0	0	0	0	0	0	0	0	0	0	0	0	0.040619999999999996	0	0	0	0	0	0	0	0	0	0	0	0	0	0	0	0	0	0	0	0	0	0	0	0	0
Ruminococcaceae_unclassified		0.68707	0.28002	0	46.8604	0	0	0.15872999999999998	0.26526	0.01584	0.0444	0.09092	1.33073	0.03891	0	0	0	0	0.01461	0	0	0.2543	3.26485	1.61176	0.03776	0	0	0	0	0.01155	0.04784	0	2.79632	0.11068	0	0	3.8434800000000005	0	0	0	0	0	0	0	0.13260999999999998	2.4847200000000003	0	0	2.06337	0	0	0	0.37188000000000004	0	0	0	0	0.61819	0	0.11690999999999999	0.15925999999999998	1.55192	0.044160000000000005	0.02479	0	0	0	0.8689600000000001	0.20963	0	0	0	2.78191	0	0	0.09515	0.07977999999999999	0	0	0.0828	0	0	1.5530700000000002	0	0.10156	0
Ruminococcus	2|1239|186801|186802|541000|1263	13.0481	0.00707	14.890229999999999	13.79234	7.62931	0.18912	17.63786	0.89536	0	0	0.00528	0.04142	4.2354400000000005	17.92915	0	1.05015	0	1.66189	3.25758	0	15.685260000000001	4.93917	14.707460000000001	0.20082	0.04746	7.949489999999999	0	0	0.007790000000000001	0.3325	5.0301599999999995	2.4618599999999997	15.152029999999998	0	1.79415	1.51775	0	0	0	11.66808	0.41467	0	0	21.48901	32.52734	6.83448	3.10721	0.01754	1.21664	1.79185	6.5819	0.7364	0	0	1.9193	5.91134	5.97299	0.33396	5.96135	1.51179	4.11761	0	0.68352	14.68245	0	1.4042	3.1543200000000002	5.96871	0.29414	6.02581	21.996920000000003	8.68406	0.19327	1.90185	0.86126	0	0	0	0.06875	0	8.15969	16.16496	4.961930000000001	20.59392	0
Ruthenibacterium	2|1239|186801|186802|541000|1905344	0.49656000000000006	1.0634700000000001	0.43933999999999995	0.11713	0.03352	0.1514	0.67428	0.23545	0.5285	0.24886999999999998	0.37901999999999997	1.20894	0.31585	0.49541	0	0.13945	3.6940199999999996	0.98554	1.0995	0	0	0.59015	0.72644	1.53548	1.80497	0.02816	0	0.23523000000000002	0.1775	0.19382	0.77376	3.9530800000000004	1.3519	0	0.26127	0.49094	0.55266	0	0	1.8158299999999998	0.40992	0	0	2.37384	0.10844000000000001	0	0.01915	0.35648	0.9325600000000001	0.3876	3.3642199999999995	0.6118399999999999	4.3754	0	0.03708	0.061939999999999995	1.10296	0.01563	0.18417999999999998	0.69413	0.29873	1.18876	0.6007600000000001	3.21972	0.8278	0.24879	0.59137	0.72814	0	0.60728	0.28765	0.31369	0.00419	0	0	0.78642	0	0.53655	0.63094	0.0027199999999999998	0	0.26264	0.2357	0.11682999999999999	0
Absiella	2|1239|526524|526525|128827|2057233	0	0	0	0	0	0.00389	0	0	0	0	0	0	0	0	0	0	0	0	0	0	0	0	0	0	0	0	0	0	0	0	0	0	0	0	0	0	0	0	0	0	0	0	0	0	0	0	0	0	0	0	0	0	0	0	0	0	0	0	0	0	0.25995999999999997	0	0	0	0	0	0	0	0	0	0	0	0	0	0	0	0	0	0	0.09922	0	0	0	0	0
Candidatus_Stoquefichus	2|1239|526524|526525|128827|1470349	0	0	0	0	0	0	0	0	0	0.52704	0	0	0	0	0	0	0	0	0	0	0	0	0	0	0	0	0	0	0	0	0	0	0	0	0	0	0	0	0	0	0	0	0	0	0	0	0	0	0	0	0	0	0	0	0	0	0	0	0	0	0	0	0	0	0	0	0	0	0	0	0	0	0	0	0	0	0	0	0	0	0	0	0	0	0
Catenibacterium	2|1239|526524|526525|128827|135858	0	0	0	0	0	13.65458	0	0	0	0	0	0	0	0	0	0	0	0	0	0	0	0	0	0	0	0	0	0	0	0	0	0	0	0	0	0.6482	0	0	0	0	0	0	0	0	0	0	0	0	0	0	0	0	0	0	0.99336	0	0	0.3672	0	0	0	0	0	0	0	0	0	0	0	0.73273	0	0	0	0	0	0	0	0	0	0	0	0	0	0	0
Coprobacillus	2|1239|526524|526525|128827|100883	0	0	0	0	0	0	0	0	0	0	0	0	0	0	0	0	0	0	0	0	0	0	0	0	0	0	0	0	0	0	0	0	0	0	0	0	0	0	0	0	0	0	0	0	0	0	0	0	0.04922	0	0	0.00325	0	0	0	0	0.04162	0	0	0	0	0	0	0	0	0	0	0	0	0	0	0	0	0	0	0	0	0	0	0	0	0	0	0	0
Dielma	2|1239|526524|526525|128827|1472649	0	0	0	0	0	0	0	0	0	0	0	0	0	0	0	0	0	0	0	0	0	0	0	0	0	0	0	0	0	0	0	0	0	0	0	0	0	0	0	0	0	0	0	0	0	0	0	0	0	0	0	0	0.07443	0	0	0	0	0	0	0	0	0	0	0.0361	0	0	0	0	0	0	0	0	0	0	0	0	0	0	0	0	0	0	0	0	0
Erysipelatoclostridium	2|1239|526524|526525|128827|1505663	0.01992	0	0	0	0	0	0.00175	0.20963	0	2.09958	0.02359	0.06754	0.04213	0	0	0	0.022930000000000002	3.21647	0.020309999999999998	0	0	0	0	0	2.3461	0.41748	0	0	0	0	0.10061	0.13795	0.01813	0	0.02366	0	0.34326	0	5.82306	0	0.09717999999999999	0	0	0.12580999999999998	0	0	0.25794	0.5833699999999999	0.08425	0	0.01045	0	1.66408	0	0	0	0	0	0.0717	0	0	0.02623	0.24863000000000002	2.88363	3.02472	0.17443	0.032889999999999996	0	0.039830000000000004	0	0	0.02305	0.18095999999999998	0	0	0.03352	1.2703	0.5262899999999999	0	0	0	0	0	0	100.0
Faecalitalea	2|1239|526524|526525|128827|1573534	0	0	0	0	0	0	0.5787899999999999	0	0	0	0	0	0	0.44458000000000003	0	0	0	0	0	0	0	0	0	0	0	0	0	0	0	0	0	0	0	0	0	0.13514	0	0	0	0	0	0	0	0	0	0	0	0	0	0	0	0	0	0	0	0	0	0	0	0	0	0	1.45912	0	0	0	0.7864800000000001	0	0	0	0	0	0	0	0.09525	0.9990700000000001	0	0	0	0	0	0	0	0	0
Holdemanella	2|1239|526524|526525|128827|1573535	0.00936	0.10424000000000001	0	0	0.30373	0	0	0	0	0	0	0	0	0	0	0	0	0	0	0	0	0	0	0	0	0	0	0	0	0	0	0	0.1695	0	0	0	0	0	0	0	0	0	0	0	0	0	0	0	0	0	0	1.03183	0	0	0	0	0	0	0	0	0	0	0	0	0	3.78131	0	0	0.47925	0	0	0	0	9.76446	0	0	0	0	0	0	0	0	0	0	0
Holdemania	2|1239|526524|526525|128827|61170	0	0	0	0	0	0	0	0	0.07611	0	0	0.17010999999999998	0	0	0	0	0	0	0	0	0	0	0	0	0	0	0	0	0	0	0	0	0	0	0	0	0	0	0	0	0	0	0	0	0	0	0	0	0	0	0	0	0	0	0	0	0	0	0	0	0	0	0	0	0	0	0.00659	0	0	0	0	0.19551	0	0	0	0	0	0	0.06984	0	0	0.01268	0	0	0
Massiliomicrobiota	2|1239|526524|526525|128827|1924110	0	0	0	0	0	0	0	0	0	0	0	0	0	0	0	0	0	0	0	0	0	0	0	0	0	0	0	0	0	0	0	0	0	0	0	0	0	0	0	0	0	0	0	0	0	0	0	0	0	0	0	0	0	0	0	0	0	0	0	0	0	0	0.00605	0	0	0	0	0	0	0	0	0	0	0	0	0	0	0	0	0	0	0	0	0	0
Solobacterium	2|1239|526524|526525|128827|123375	0	0	0	0	0	0	0	0	0	0	0	0	0	0	0	0	0	0	0	0	0	0	0	0	0	0	0	0	0	0	0	0	0	0	0	0	0	0	0	0	0	0	0	0	0	0	0	0	0	0	0	0	0.12354000000000001	0	0	0	0	0	0.23795999999999998	0	0.04068	0	0	0	0	0	0	0	0	0	0	0	0	0	0	0	0	0	0	0	0	0	0	0	0
Turicibacter	2|1239|526524|526525|128827|191303	0.07993	0	0.11821	0	0	0	0	0	0	0	0.35043	0	0	0	0	0.3658	0	0	0	0	0	0	0.34886	0	0	0	0	0	0	0	0	0.24658000000000002	0.12814	0	0	0	0	0	0	0	0	0	0	0	0.67974	0	0.9345	0	0	0	0	0	0	0	0	0.07406	0	0	0	0.02915	0	0	0.020130000000000002	0	0	0.43183999999999995	0.12824000000000002	0.13824	0	0	0	0	0	0	0	0	9.986930000000001	0	0	0	0.01495	0	0	0	0
Firmicutes_unclassified		2.13869	0	0.08505	0.67814	0	0	0.32859	0.04262	0.98714	0.18662	0.6227	2.10027	0	0.14876	0	0	0.24511999999999998	0	0.94905	0	1.3751799999999998	0	0	1.44602	0	0.35417	0	0	0	2.98508	1.0407600000000001	1.8476400000000002	0.013609999999999999	0	1.4871299999999998	0	0.05479	0	0	0	0.54047	0	0	0	13.774629999999998	0.08388999999999999	0	0	2.07573	1.6367399999999999	0	0.23588	2.18663	0	0	0.1549	0.14574	0	11.1748	0.46298999999999996	0	0.08406	8.92394	0.60958	0	0	0.0036799999999999997	0	0.13385	0.16512000000000002	6.34784	4.80828	1.20589	0	0	0.80132	0	4.72602	0.20381	0.27631	0	0.10812000000000001	2.019	0.72639	0
Acidaminococcus	2|1239|909932|1843488|909930|904	0	0	0	0	0	0	0	0	0	0	0	0	0	0	0	0	1.20347	0	0	0	0	0	0	0	0	0	0	0	0	0	0	0	0	0	0	0.56939	0	0	0	0	0	0	0	0	0	0	0	0	0	0	0	0	0	0	0	0	0	0	0	0	0	0	0	0	0	0	0	0	0	0	0	0	0	0	0	0	0	0	0	0	0	0.013869999999999999	0	0	0
Phascolarctobacterium	2|1239|909932|1843488|909930|33024	0.01264	0	0.17859	0.19801	0	0	0.10545	0.006220000000000001	0	0	0	0	0	0	0	0	0	1.02757	0	0	0	0	0	0	0	0	0	0	0	0	0.02239	0	0	0	0	0.5415800000000001	0	0	0	0	0	0	0	0	0.2423	0	0.1278	0	0	0.14187	0.08222	0	0.0818	0	0	0	0.26869	0	0	0	0	0.9079200000000001	0.09483	0.02137	0	0	0	0	0	0	0	0.12612	0	0	0	0	0	0	0.5543100000000001	0	0	0.02945	0	2.2438599999999997	0
Megamonas	2|1239|909932|909929|1843491|158846	0	0	0	0	0	0	0	0	0	0	0	0	0	0	0	0	0	0	0	0	0	0	0	0	0	0	0	0	0	0	0	0	0	0	0	0	0	0	0	0	0	0	0	0	0	0	0	0	0	0	0	0.17043	0	0	0	0	0	0	0	0	0	0	0	0	0	0	0	0	0	0	0	0	0	0.88125	0	0	0	0	0	0	0	0	0	0	0
Dialister	2|1239|909932|1843489|31977|39948	0	0	0	0	0	0	0	0	0	0.37553000000000003	0	0	0.76756	0	0	0.70414	0.04161	0	0	0	0	0	1.00199	0	0	0.16755	0	0	0	0	0	5.68705	0.02907	0	0	0	0	0	0	0.8860600000000001	0	0	0	0.27171999999999996	0	0	0	0	0	0	0	0	0	0	0	0	0	0	0.038939999999999995	0.08227999999999999	0	0	0	0	0	0.0276	0	0	0	0	1.15139	0	0.01595	0	0	0	0	0	0	0	0	0	0.006670000000000001	0	0
Megasphaera	2|1239|909932|1843489|31977|906	0	0	0	0	0	0	0	0	0	0.5192399999999999	0	0	0	0	0	0	0	0	0	0	0	0	0	0	0	0.3772	0	0	0	0	0	0	0	0	0	0	0	0	0	0	0	0	0	0	0	0	0	0	0	0.01034	0	0	0	0	0	0	0	0	0	0	0	0	0	0	0	0	0	0	0	0	0	0	0	0	0	0	0	0	0	0	0	0	0	0	0
Veillonella	2|1239|909932|1843489|31977|29465	0	0	0	0	0	0	0	0	0	0	0	0	0	0	0	0	0	0	0	0	0	0	0	0	0	0	0	0	0.07862000000000001	0	0	0	0.01662	0	0	0	0	0	0	0	0	0	0	0	0	0.6472	0	0	0	0	0	0	0	0	0	0	0	0	0	0	0	0	0	0	0	0	0	2.2059599999999997	0	0	0	0	0	0	0	0	0.11884000000000002	0	0	0	0	0.57028	0	0	0
Parvimonas	2|1239|1737404|1737405|1570339|543311	0	0	0	0	0	0	0	0	0	0	0	0	0	0	0	0	0	0	0	0	0	0	0	0	0	0	0	0	0	0	0	0	0	0	0	0	0	0	0	0	0	0	0	0	0	0	0	0	0	0	0	0	0.057260000000000005	0	0	0	0	0	0	0	0	0	0	0	0	0	0	0	0	0	0	0	0	0	0	0	0	0	0	0	0	0	0	0	0
Fusobacterium	2|32066|203490|203491|203492|848	0	0	0	0	0	0	0	0	0	0	0	0	0	0	0	0	0	0	0	0	0	0	0	0	0	0	0	0	0	0	0	0	0	0	0	0	0	0	0	0	0	0	0	0	0	0	0	0	0	0	0	0	0	0	0	1.42994	0	0	0	0	0	0	0	0.046810000000000004	0	0	0	0	0	0	0	0	0	0	0	0	0	0	0	0	0	0.13782	0	0	0
Comamonas	2|1224|28216|80840|80864|283	0	0	0	0	0	0	0	0	0	0	0	0	0	0	0	0	0	0	0	0	0	0	0	0	0	0	0	0	0	0	0	0	0	0	0	0	0	0	0	0	0.48491999999999996	0	0	0	0	0	0	0	0	0	0	0	0	0	0	0	0	0	0	0	0	0	0	0	0	0	0	0	0	0	0	0	0	0	0	0	0	0	0	0	0	0	0	0	0
Oxalobacter	2|1224|28216|80840|75682|846	1.2889	0	0	0	0	0	0	0	0	0	0	0	0	0	0	0	0	0	0	0	0	0	0	0	0	0	0	0	0	0	0	0	0	0	0	0	0	0	0	0	0	0	0	0	0	0	0	0	0	0	0	0	0	0	0	0	0	0	0	0	0	0	0	0	0	0	0	0	0	0	0	0	0	0	0	0	0	0	0	0	0	0	0	0.08106000000000001	0
Parasutterella	2|1224|28216|80840|995019|577310	0	0	0	0	0	0	0	0	0	0	0	0	0.29651	0	0	0	0	0	0	0	0	0	0	0	0	0	0	0	0	0	0	0	0	0	0	0	0	0	0	0	0	0	0	0	0	0	0	0	0	0	0	0	0	0	0	0	0	0	0	0	0	0	0	0	0	0	0	0	0	0	0	0	0	0	0	0	0	0	0.33847	0	0	0	0.2841	0.09716	0
Turicimonas	2|1224|28216|80840|995019|1918598	0.00771	0	0	0	0	0	0	0	0	0	0	0	0.0166	0	0	0	0	0.1093	0	0	0	0	0	0	0	0	0	0	0	0	0	0	0	0	0	0	0	0	0	0	0	0	0	0	0	0	0	0	0	0	0	0	0	0	0	0	0	0	0	0	0	0	0	0	0	0	0	0.16926	0	0	0	0	0	0	0	0	0	0	0	0	0	0	0	0	0
Bilophila	2|1224|28221|213115|194924|35832	0	0	0	0	0	0	0	0	0	0	0	0	0	0	0	0	0	0	0	0	0	0	0	0	0	0	0	0	0	0	0	0	0.02193	0	0	0	0	0	0	0	0	0	0	0	0	0	0	0	0	0	0	0	0	0	0	0	0	0	0	0	0	0	0	0	0	0	0	0	0	0	0	0	0	0	0	0	0	0	0.014719999999999999	0	0	0	0	0	0
Desulfovibrio	2|1224|28221|213115|194924|872	0	0.01105	0	0	0	0	0	0	0	0	0	0	0	0	0	0	0	0	0	0	0	0	0	0	0	0	0	0	0	0	0	0	0	0	0	0	0	0	0	0	0	0	0	0	0	0	0	0	0	0.08872999999999999	0	0	0	0	0	0.00893	0	0	0	0	0	0.40921	0	0	0	0	0	0	0	0	0	0	0	0	0	0	0	0	0	0	0	0	0	0.0036200000000000004	0
Citrobacter	2|1224|1236|91347|543|544	0	0	0	0	0	0	0	0	0	0	0	0	0	0	0	0	0	0	0	0	0	0	0	0	0	0	0	0	0	0	0	0	0	0	0	0	0	0	0	0	0	0	0	0	0	0	0	0	0	0	0	0	0	0	0	0	0.017230000000000002	0	0	0	0	0	0	0.03728	0	0	0	0	0	0	0	0	0	0	0	0	4.37852	0	0	0	0	0	0	0	0
Enterobacter	2|1224|1236|91347|543|547	0	0	0	0	0	0	0	0	0	0	0	0	0	0	0	0	0	0	0	0	0	0	0.49976000000000004	0	0	0	0	0	0	0	0	0	0	0	0	0	0	0	0	0	0	0	0	0	0	0	0	0	0	0	0.20038	0	0	0	0	0	0	0	0	0	0	0	0	0	0	0	0	0	0	0	0	0	0	0	0	0	0	0	0	0	0	31.70955	0	0	0
Escherichia	2|1224|1236|91347|543|561	0	0.051370000000000006	0	0	0	4.45794	0.31661999999999996	0	0.07397000000000001	0.28608	0	0.71701	0	0	2.8416799999999998	0	5.02367	0	0	0	0	2.92258	0	0.25096	0	0.66995	0	81.19317	26.2274	0	0	44.68873	0.65417	0	0	2.17415	0	0	0	0	0.42253	0	0	0.36838000000000004	0.14278	0	0.07912999999999999	0	0	0	0	0.35225	5.56176	0	0	40.95218	2.0093799999999997	0	0.00545	1.14529	0	0.01015	0	3.7431400000000004	0	0	0	0	0	0	0	0	0	0	0	0.61382	0	2.17042	0.010709999999999999	15.215129999999998	0	0	0	0	0
Klebsiella	2|1224|1236|91347|543|570	0	0	0	0	0	0.38384	0	0	0	0	0	0	0	0	0	0	0	0	0	0	0	0	0.1055	0	0	0	0	0.48873999999999995	0	0	0	0	0	0	0	0	0	0	0	0	0	0	0	0	0	0	0	0	0	0	0.31828	0	0	0	0	0	0	0	0	0	0	0	0	0	0	0	0	0	0	0	0	0	0	0	0	0	8.74956	0	0	1.8590099999999998	0	0	0	0	0
Haemophilus	2|1224|1236|135625|712|724	0	0	0.04848	0	0	0	0	0	0	0	0	0	0	0	0	0	0	0	0	0	0	0	0	0	0	0	0	0	0.2221	0	0	0	0	0	0	0	0	0	0	0	0	0	0	0	0	0	0	0	0	0	0	0	0	0	0	0	0	0	0	0	0	0	0	0	0	0	0	0.0457	0	0	0	0	0	0	0	0	0	0	0	0	0	0	0	0	0
Pseudomonas	2|1224|1236|72274|135621|286	0	0	0	0	0	0	0	0	0	0	0	0	0	0	0	0	0	0	0	0	0	0	0	0	0	0	0	0	0	0	0	0	0	0	0	0	0	0	0	0	0	0	0	0	0	0.20305	0	0	0	0	0	0	0	0	0	0	0	0	0	0	0	0	0	0	0	0	0	0	0	0	0	0	0	0	0	0	0	0	0	0	0	0	0	0	0
Proteobacteria_unclassified		0.31728	0	0	0.0025800000000000003	0	0	0	0	0	0	0	0	1.20248	0	0	0	0.11935	0	0	0	0	0	0	0	0	0	0	0	0	0	0	0	0	0	0	0	0	0	0	0	0	0	0	0	0	0	0	0	0	0	0	0	0	0	0	0	0	0	0	0	0	0	0	0	0	0	0	0	0	0	0	0	0	0	0	0	0	0	0	0	0	0	0	0	0
Akkermansia	2|74201|203494|48461|1647988|239934	0.08308	4.452459999999999	0	5.07967	0	0.01926	58.28031	0.14626	0	0	0	16.56612	0	63.58229	0	2.51959	0	23.15407	3.03423	0	1.26882	0	0	0.50337	0	0.26466	0	0	26.9441	10.98123	10.688410000000001	0	1.5490700000000002	0	3.9058900000000003	0	0	0	10.78932	0	11.18168	0	0	0	0	33.798140000000004	0	0	0	0	6.5425699999999996	17.42312	0	0	0	0	27.80102	0	0	8.28307	17.951629999999998	0.22968000000000002	0	0	0	4.20193	0	4.76714	0	0.14442	8.69636	47.18517	0.01102	1.2463600000000001	0	0	0	0	31.269609999999997	0.13834000000000002	0	0.0763	0	0.00233	0
