clade_name	NCBI_tax_id	SRR5665187_mtphln2	SRR5665186_mtphln2	SRR5665185_mtphln2	SRR5665184_mtphln2	SRR5665183_mtphln2	SRR5665182_mtphln2	SRR5665181_mtphln2	SRR5665180_mtphln2	SRR5665179_mtphln2	SRR5665178_mtphln2	SRR5665164_mtphln2	SRR5665163_mtphln2	SRR5665162_mtphln2	SRR5665161_mtphln2	SRR5665160_mtphln2	SRR5665159_mtphln2	SRR5665158_mtphln2	SRR5665157_mtphln2	SRR5665156_mtphln2	SRR5665155_mtphln2	SRR5665144_mtphln2	SRR5665143_mtphln2	SRR5665142_mtphln2	SRR5665141_mtphln2	SRR5665140_mtphln2	SRR5665139_mtphln2	SRR5665138_mtphln2	SRR5665137_mtphln2	SRR5665136_mtphln2	SRR5665135_mtphln2	SRR5665134_mtphln2	SRR5665123_mtphln2	SRR5665122_mtphln2	SRR5665121_mtphln2	SRR5665120_mtphln2	SRR5665119_mtphln2	SRR5665118_mtphln2	SRR5665117_mtphln2	SRR5665116_mtphln2	SRR5665115_mtphln2	SRR5665114_mtphln2	SRR5665103_mtphln2	SRR5665081_mtphln2	SRR5665080_mtphln2	SRR5665079_mtphln2	SRR5665078_mtphln2	SRR5665077_mtphln2	SRR5665076_mtphln2	SRR5665075_mtphln2	SRR5665074_mtphln2	SRR5665073_mtphln2	SRR5665072_mtphln2	SRR5665061_mtphln2	SRR5665060_mtphln2	SRR5665059_mtphln2	SRR5665058_mtphln2	SRR5665057_mtphln2	SRR5665056_mtphln2	SRR5665055_mtphln2	SRR5665054_mtphln2	SRR5665053_mtphln2	SRR5665052_mtphln2	SRR5665051_mtphln2	SRR5665050_mtphln2	SRR5665049_mtphln2	SRR5665048_mtphln2	SRR5665047_mtphln2	SRR5665046_mtphln2	SRR5665045_mtphln2	SRR5665044_mtphln2	SRR5665043_mtphln2	SRR5665042_mtphln2	SRR5665041_mtphln2	SRR5665035_mtphln2	SRR5665034_mtphln2	SRR5665033_mtphln2	SRR5665032_mtphln2	SRR5665031_mtphln2	SRR5665030_mtphln2	SRR5665029_mtphln2	SRR5665028_mtphln2	SRR5665027_mtphln2	SRR5665026_mtphln2	SRR5665025_mtphln2	SRR5665024_mtphln2
Methanobrevibacter_smithii	2157|28890|183925|2158|2159|2172|2173	0	3.31525	0	0	0	0	4.20868	0.06511	0	0	0.34012	0	0	3.83929	0	0	0	0	1.8288400000000002	0	0	7.04863	0	0	0	0	0	0	0	0	0	2.3890000000000002	0	0	0	3.41085	0	0	0	0	1.7689	0	0	0	5.44471	0	0.15912	0	0	1.9922099999999998	0	0	0	0	0	0.49928999999999996	3.58965	0	0.012190000000000001	0	8.77876	0	1.11196	0	0	0	0	0	0	4.95461	0	0	0	0	3.2932300000000003	0	0	0	0	0.14967	0	0.9918	0	0	0
Methanosphaera_stadtmanae	2157|28890|183925|2158|2159|2316|2317	0	0	0	0	0	0	0	0	0	0	0	0	0	0	0	0	0	0	0	0	0	0	0	0	0	0	0	0	0	0	0	0	0	0	0	0	0	0	0	0	0	0	0	0	0	0	0.12007000000000001	0	0	0	0	0	0	0	0	0	0	0	0	0	0	0	0	0	0	0	0	0	0	0	0	0	0	0	0	0	0	0	0	0	0	0	0	0	0
Actinobaculum_sp_oral_taxon_183	2|201174|1760|2037|2049|76833|712888	0	0	0	0	0	0.05909	0	0	0	0	0	0	0	0	0	0	0.24971	0	0	0	0	0	0	0	0	0	0	0	0	0	0	0	0	0	0	0	0	0	0	0	0	0	0	0	0	0	0	0	0	0	0	0	0	0	0	0	0	0	0	0	0	0	0	0	0	0	0	0	0	0	0	0	0	0	0	0	0	0	0	0	0	0	0	0	0
Actinomyces_graevenitzii	2|201174|1760|2037|2049|1654|55565	0	0	0	0	0	0	0	0	0	0	0	0.03685	0	0	0	0	0	0	0	0.08537	0	0	0	0	0	0	0	0	0	0	0	0	0	0	0	0	0	0	0	0	0	0	0	0	0	0	0	0.02507	0.04498	0	0	0	0	0	0	0	0	0	0.03305	0	0	0	0	0	0	0	0	0	0	0	0	0	0	0	0	0	0	0	0	0.00594	0	0	0	0	0
Actinomyces_johnsonii	2|201174|1760|2037|2049|1654|544581	0	0	0	0	0	0	0	0	0	0	0	0	0	0	0	0	0	0	0	0	0	0	0	0	0.12019	0	0	0	0	0	0	0	0	0	0	0	0	0	0	0	0	0	0	0	0	0	0	0	0	0	0	0	0	0	0	0	0	0	0	0	0	0	0	0	0	0	0	0	0	0	0	0	0	0	0	0	0	0	0	0	0	0	0	0	0
Actinomyces_odontolyticus	2|201174|1760|2037|2049|1654|1660	0	0	0	0	0	0	0	0	0	0	0.00999	0	0	0	0	0	0	0	0	0.02113	0.05432000000000001	0	0	0	0	0	0	0	0	0	0	0	0	0	0	0	0	0	0	0	0	0	0	0	0	0	0.00234	0	0	0	0	0	0	0	0	0	0	0	0	0	0	0	0	0	0	0	0	0	0	0	0	0	0	0.00243	0	0	0	0	0	0	0	0	0	0	0
Actinomyces_oris	2|201174|1760|2037|2049|1654|544580	0	0	0	0	0	0	0	0	0	0	0	0	0	0	0	0	0	0	0	0	0	0	0	0	0.34747	0	0	0	0	0	0	0	0.012320000000000001	0	0.02843	0	0	0	0	0	0	0	0	0	0	0	0	0	0	0	0.14532	0	0	0	0	0	0	0	0	0	0	0	0	0	0	0	0	0	0	0	0	0	0	0	0	0	0	0	0	0	0	0	0	0	0
Actinomyces_sp_HMSC035G02	2|201174|1760|2037|2049|1654|1739406	0	0	0	0	0	0	0	0.05395	0	0	0	0.011059999999999999	0	0	0	0	0	0	0	0.10519	0	0	0	0	0	0	0	0	0.02461	0	0	0	0	0	0	0	0	0	0	0	0	0	0	0	0	0	0	0	0	0	0	0	0	0	0	0	0	0	0	0	0	0	0	0	0	0	0	0	0	0	0	0	0	0	0	0	0	0	0	0	0	0	0	0	0
Actinomyces_sp_HPA0247	2|201174|1760|2037|2049|1654|1203556	0	0	0	0	0	0	0	0	0	0	0	0	0	0	0	0	0.15465	0	0	0	0	0	0	0	0	0	0	0	0	0	0	0	0.0085	0	0	0	0	0	0	0	0	0	0	0	0	0	0	0	0	0	0.08519	0	0	0	0	0	0	0.01708	0	0	0	0	0	0	0	0	0	0	0	0	0	0	0	0	0	0	0	0	0	0	0	0	0	0	0
Actinomyces_sp_ICM47	2|201174|1760|2037|2049|1654|936548	0.014430000000000002	0	0	0	0.013069999999999998	0	0	0.04882	0.01952	0	0	0.05025	0	0	0	0	0	0	0	0	0.02446	0	0	0	0	0.06685	0	0	0	0	0.19114	0	0	0	0	0	0.0428	0	0	0	0	0	0	0	0	0	0.06719	0	0.08408	0	0	0	0.00683	0	0	0	0	0	0	0	0	0	0	0	0	0	0	0	0	0	0	0	0	0.03755	0	0	0	0	0	0	0	0	0	0	0
Actinomyces_sp_S6_Spd3	2|201174|1760|2037|2049|1654|1284680	0	0	0	0	0	0	0	0	0	0	0	0	0	0	0	0	0	0	0	0	0	0	0	0	0	0	0	0	0	0	0	0	0	0	0	0	0	0	0	0	0	0	0	0	0	0	0	0	0	0	0	0	0	0	0	0	0	0	0.0552	0	0	0	0	0	0	0	0	0	0	0	0	0	0	0	0	0	0	0	0	0	0	0	0	0	0
Actinomyces_sp_oral_taxon_170	2|201174|1760|2037|2049|1654|712117	0	0	0	0	0	0	0	0	0	0	0	0	0	0	0	0	0	0	0	0	0	0	0	0	0.07284	0	0	0	0	0	0	0	0	0	0	0	0	0	0	0	0	0	0	0	0	0	0	0	0	0	0	0	0	0	0	0	0	0	0	0	0	0	0	0	0	0	0	0	0	0	0	0	0	0	0	0	0	0	0	0	0	0	0	0	0
Actinomyces_sp_oral_taxon_181	2|201174|1760|2037|2049|1654|712121	0	0	0	0	0	0	0	0	0	0	0	0	0	0	0	0	0	0	0	0	0	0	0	0	0	0	0	0	0	0	0	0	0	0	0	0	0	0	0	0	0	0	0	0	0	0	0.047439999999999996	0	0	0	0.00126	0	0	0	0	0	0	0	0	0	0	0	0	0	0	0	0	0	0	0	0	0	0	0	0	0	0	0	0	0	0	0	0	0	0
Actinomyces_sp_oral_taxon_414	2|201174|1760|2037|2049|1654|712122	0	0	0	0	0	0	0	0	0	0	0	0	0	0	0	0	0	0	0	0.13882	0	0	0	0	0	0	0	0	0	0	0	0	0	0	0	0	0	0	0	0	0	0	0	0	0	0	0	0	0	0	0	0	0	0	0	0	0	0	0	0	0	0	0	0	0	0	0	0	0.00432	0	0	0	0	0	0	0	0	0	0	0	0	0	0	0	0
Actinomyces_turicensis	2|201174|1760|2037|2049|1654|131111	0	0	0	0	0	0	0	0	0	0	0	0	0	0	0	0	0	0	0	0	0	0	0	0	0	0	0	0	0	0	0	0	0	0	0	0	0	0	0	0	0	0	0	0	0	0	0	0	0	0	0	0	0	0	0	0	0	0	0	0.43688	0	0	0	0	0	0	0	0	0	0	0	0	0	0	0	0	0	0	0	0	0	0	0	0	0
Actinomyces_viscosus	2|201174|1760|2037|2049|1654|1656	0	0	0	0	0	0	0	0.00435	0	0	0	0	0	0	0	0	0	0	0	0	0	0	0	0	0	0	0	0	0	0	0	0	0	0	0.02766	0	0	0	0	0	0	0	0	0	0	0	0	0	0	0	0	0	0	0	0	0	0	0	0	0	0	0	0	0	0	0	0	0	0	0	0	0	0	0	0	0	0	0	0	0	0	0	0	0	0
Bifidobacterium_adolescentis	2|201174|1760|85004|31953|1678|1680	0	0	4.490069999999999	0	0	0	0	0	0	0	0	0	0	0	0	7.58847	0	0	22.14019	55.35286	3.40064	0	4.598990000000001	0	0	24.25439	0	0	0.034839999999999996	0	0	0	0	0	0	0	1.42085	0	0	0	0	0	0	0	1.2204	0.30233000000000004	0	0	0	28.466920000000002	0	0	0	0	0	12.15362	0	25.11024	0	10.77397	0	11.75206	0.24569000000000002	0	0	0	0	0	0	3.85276	0	0	0	7.3156	0	0	0	0.029210000000000003	1.68597	0	4.09831	0	0	0	0
Bifidobacterium_animalis	2|201174|1760|85004|31953|1678|28025	0.55124	0	0	0	0	0	0	0	0	0	0	0	0	0	0	0	0	0	0	0	0	0	0	0	0	3.78818	0	0	0	0	0	0	0	0	0	0	0	0	0	0	0	0	0	0	3.25868	0	0	0	0	0	0	0	0	0	0	0	0	0	0	0	0	0	0	0	0	0	0	0	0	0	0	0.50542	0.03627	0	0	0	0	0	0	0	0	0	0	0	0
Bifidobacterium_bifidum	2|201174|1760|85004|31953|1678|1681	0	0	0	0	0	0	0	0	0	0	0	0	0.0459	0	0	0	0	9.54911	0	0	3.12958	0	0	0	0	0	0	0	0	0	0	0	0	0	0	1.0023	5.27867	0	0	0	0	4.29296	0	0	0	0	0	0	0	0	0	0	0	0	0	0	0	10.10437	0	0	0	0	0	0	0	0	0	0	0	0	0	0	0	0	0	0	0	0	0	0	0	0	0	0	0
Bifidobacterium_breve	2|201174|1760|85004|31953|1678|1685	0	0	0	0	0	0	0	0	0	0	0	0	0	0	0	0	0	0	0	0	0	0	0	0	0	0	0	0	0	0	0	0	0	0	0	0	0	0	0	0	0	0	0	0	0	0	0	0	0	0	0	0	0	0	0	0	0	0	0	0	0	0	0	0	0	0	0	0	0	0	0	0	0	0	0	0.2669	4.6954199999999995	0	0	0.24173000000000003	0	0	0	0	0
Bifidobacterium_dentium	2|201174|1760|85004|31953|1678|1689	0	0	0	0	0	1.01109	0	0	0	0	0	0	0	0	0	0	0	0	0	0	0	0	0	0	0	0	0	0	2.1024599999999998	0	0	0	1.6954099999999999	0	0	0	0	0	0	0	0	0.09804	0	0	0	0	0	0	0	0	0.047869999999999996	0	0	0	0	0	0	0	0	0	0	0	0	0.055729999999999995	0	0	0	0	0	0	0	0	0	0	0	0	0.6845399999999999	0	0	0	0	0.00645	0	0	0
Bifidobacterium_longum	2|201174|1760|85004|31953|1678|216816	7.3380600000000005	0	1.8396099999999997	0	0.24763000000000002	3.23267	0	8.260019999999999	0	0	4.05757	0	0.0068	0	23.48048	6.01149	8.54332	0.23026	18.05013	0	0.86679	0	11.55517	0	0	5.366230000000001	0	0	0	3.00577	0.02405	0	0	0	1.7025400000000002	0.40521	8.422830000000001	77.12308	0	0	0	0	0	0	1.85512	2.98752	0	0	0	6.33774	0	0	0	0	0	0.17043	1.6090799999999998	9.51295	0	7.28362	0	0.5969	3.13175	0.62212	0	14.105929999999999	11.6469	0	2.90271	2.10177	0	0	8.80485	1.84012	0	25.832729999999998	23.944760000000002	2.59776	0	8.04773	0.6159399999999999	0.85903	3.76151	5.90263	0
Bifidobacterium_pseudocatenulatum	2|201174|1760|85004|31953|1678|28026	0	0	0	0	0	2.43852	0	21.41696	0	19.4939	0	0	0.03146	0	10.68098	0	6.17771	0	0	0	0	0	0	0	0	0	0	0	0	0	0	0	0	0	0	0	5.1304099999999995	0	0	0	0	0	0	0	0	18.23186	0	0	0	0.55701	0	0	0	0	0	0	2.23643	1.4415200000000001	0	0	0	0	0.24831999999999999	0	0	0	38.0365	0	1.4172200000000001	0	0	0	0	0.14522000000000002	0	0	0	0	0	20.97	0	0	0	0	0
Bifidobacterium_pseudolongum	2|201174|1760|85004|31953|1678|1694	0	0	0	0	0	0	0	0	0	0	0	0	0	0	0	0	0	0	0	0.014230000000000001	0	0	0	0	0	0	0	0	0	0	0	0	0	0	0	0	0	0	0	0	0	0	0	0	0	0	0	0	0	0	0	0	0	0	0	0	0	0	0	0	0	0	0	0	0	0	0	0	0	0	0	0	0	0	0	0	0	0	0	0	0	0	0	0	0
Lawsonella_clevelandensis	2|201174|1760|85007||1847725|1528099	0	0	0	0	0	0	0	0	0	0	0	0	0	0	0	0	0	0	0	0	0	0	0	0	0	0	0	0	0	0	0	0	0	0	0	0	0	0	0	0	3.5457300000000003	0	0	0	0	0	0	0	0	0	0	0	0	0	0	0	0	0	0	0	0	0	0	0	0	0	0	0	0	0	0	0	0	0	0	0	0	0	0	0	0	0	0	0	0
Rothia_dentocariosa	2|201174|1760|85006|1268|32207|2047	0	0	0	0	0	0	0	0	0	0	0	0	0	0	0	0	0	0	0	0	0	0	0	0	0.07076	0	0	0	0	0	0	0	0	0	0	0	0	0	0	0	0	0	0	0	0	0	0	0	0	0	0.01782	0	0	0	0	0	0	0	0	0	0	0	0	0	0	0	0	0	0	0	0	0	0	0	0	0	0.10128999999999999	0	0	0	0	0	0	0	0
Rothia_mucilaginosa	2|201174|1760|85006|1268|32207|43675	0	0	0	0	0	0.09136	0	0.14262	0	0	0	0	0	0	0	0	0	0	0	0.00112	0.20124	0	0.07875	0	0.02332	0	0	0	0.49396999999999996	0	0	0	0.015609999999999999	0	0	0	0	0	0	0	0	0	0	0	0	0.00607	0	0	0	0	0.04123	0	0	0	0	0	0	0	0.04912	0	0	0	0	0	0.08059	0	0.005529999999999999	0	0	0	0	0	0	0	0.41381999999999997	0	0	0	0	0.011859999999999999	0.06547	0	0	0	0
Propionibacterium_freudenreichii	2|201174|1760|85009|31957|1743|1744	0	0	0.030930000000000003	0	0	0	0	0	0	0	0	0	0	0	0	0	0	0	0.01849	0	0	0	0	0	0	0	0	0	0	0	0	0	0	0	0	0	0	0	0	0	0	0	0	0	0.02962	0	0	0	0	0	0	0	0	0	0	0	0	0	0	0	0	0	0	0	0	0	0	0	0	0	0	0	0	0.18238	0	0	0	0	0	0	0	0	0	0	0
Atopobium_deltae	2|201174|84998|84999|1643824|1380|1393034	0	0	0	0	0	0	0	0	0	0	0	0	0	0	0	0	0	0	0	0	0	0	0	0	0	0	0	0	0.0468	0	0	0	0	0	0	0	0	0	0	0	0	0	0	0.06164	0	0	0	0	0	0	0	0	0	0	0	0	0	0	0	0	0	0	0	0	0	0	0	0	0	0	0	0	0	0	0	0	0	0	0	0	0	0	0	0	0
Collinsella_aerofaciens	2|201174|84998|84999|84107|102106|74426	24.84307	6.81435	4.46833	1.47555	3.35771	11.02262	3.8923699999999997	17.73209	6.7450399999999995	0	10.946589999999999	0	0	3.5129599999999996	0.5027699999999999	33.24088	24.51928	0	11.01463	0	2.8629	0	6.0801	0.09447	0.09627999999999999	0	0	0	9.20754	9.80836	4.58611	0	9.35035	0	19.02382	4.50897	11.31353	22.876920000000002	0	22.56543	0	0	0	0.3046	9.11445	2.35975	22.24969	4.12845	18.96725	19.00137	22.019560000000002	0	5.57661	0	8.0379	5.98046	1.7630000000000001	13.53651	12.77235	12.22837	0	10.2117	53.476380000000006	0	0	0	13.37929	0	23.099	12.5884	0	0	13.50855	9.798869999999999	6.7022	0	0	0.10403	0	0.22203	23.372529999999998	2.32596	3.05123	6.77908	0
Collinsella_intestinalis	2|201174|84998|84999|84107|102106|147207	0	0	0	0	1.8219299999999998	0.39402	0	0	0	0	0	0	0	0	0	0	0	0.01611	0	0	0	0	0	0	0	0	0	0	0	0	0	0	0	0	1.06305	0	0	0	0	0	0.16472	0	0	0.4333	0	0	0	0	0	0.573	0	0	0	0	0	0	0	0	0	0	0	0	0	0	0	0	0	0	0	0	0	0.03899	0.00479	0	0	0	0	0	0	7.21271	0.00548	0	0	0	0
Collinsella_stercoris	2|201174|84998|84999|84107|102106|147206	0.06787	0	0	0	0.050460000000000005	0.017169999999999998	0	0.05679	0	0	0	0	0	0	0	0	0.05886	0.03152	0.2489	0	0	0	0	0	0	0	0	0	0.00658	0	0.0045899999999999995	0	0.0043100000000000005	0	0.15274000000000001	0	0.0043100000000000005	0	0	0.14652	0	0	0	1.4486	0	0	0.0041600000000000005	0	0.03847	0.26979000000000003	0.05609	0	0	0	0	0	0	0	0	0.027839999999999997	0	0.009170000000000001	0.07777	0	0	0	0.00515	0	0.024569999999999998	0.05331	0	0.09336	0.01661	0.024380000000000002	0	0	0	0	0	0.19579000000000002	0.06846000000000001	0.05397999999999999	0	0	0
Enorma_massiliensis	2|201174|84998|84999|84107|1472762|1472761	0	0	0	0	0	0	0	0	0	0	0	0	0	0	0	0	0	0	0.25794	0	0	0	0	0	0	0	0	0	0	0	0	0	0	0	0	0	0	0	0	0	0	0	0	0.13985999999999998	0	0	0	0	0	0	0	0	0	0	0	0	0	0	0	0	0	0	0	0	0	0	0.02126	0	0	0	0	0	0	0	0	0	0	0	0	0	0	0	0	0	0
[Collinsella]_massiliensis	2|201174|84998|84999|84107|1472762|1232426	0.0061600000000000005	0	0	0	0	0	0	0	0	0	0	0	0	0	0	0	0	0	0	0	0	0.23067	0	0	0	0	0	0	0	0	0	0	0	0	0	0	0	0	0	0	0	0	0	0.14895	0	0	0	0	0.00512	0.00381	0	0	0	0	0	0	0	0	0	0	0	0	0	0	0	0	0.00316	0	0	0	0	0	0	0	0	0	0	0	0	0	0.0034700000000000004	0	0	0	0
Adlercreutzia_equolifaciens	2|201174|84998|1643822|1643826|447020|446660	0.32334	1.53948	0.14991	0.14106	0.46596000000000004	0	0	0.24781	0.15446	0	0.01746	0.66032	0.01469	0	0	1.1328	0.16677999999999998	0	0.0189	0	0.16492	0.41468999999999995	0	0	0	0.33931	0	0	0.3808	0.24525999999999998	0	1.40349	0	0	0.28376999999999997	0	0	0	0	0	0.039889999999999995	0	0	1.38365	0.14311	0.02817	1.54462	1.00979	0.35191999999999996	0	0	0	0	0	0.17825	0.49298000000000003	0.024390000000000002	0	0	0.21525	0	0.058410000000000004	0.10153	0	0	0.51248	0	0	0.44872	0.98572	0.41606000000000004	0	0.37518	0.24445999999999998	0.24891999999999997	0.12070999999999998	0	0	0.02967	0	0.6197600000000001	0.27487	0.0209	0.02015	0
Asaccharobacter_celatus	2|201174|84998|1643822|1643826|553372|394340	0.60932	1.50586	0.5351600000000001	0.1124	0.1928	0	0	0.18126	0.18816	0	0	1.44355	0.07297999999999999	0	0	1.0096	0.20895	0	0.26729	0	0.10465999999999999	0.53885	0.05566	0	0	0.95435	0	0	0.87374	0.27451	0.00772	1.48275	0	0	0.5063300000000001	0	0	0	0	0	0.4654	0	0	2.67093	0.10854000000000001	0.06342	1.8223799999999999	6.10179	0.294	0	0	0	0	0	0.20152	0.6635300000000001	0.08144	0	0	0.26238	0	0.03245	0.17328	0	0	1.78078	0	0	0.0776	0.79761	0.37640999999999997	0.063	0.56067	0.70715	0.81261	0.28476	0	0	0.07567	0.01696	0.8720399999999999	0.29438000000000003	0.034539999999999994	0.10305	0
Eggerthella_lenta	2|201174|84998|1643822|1643826|84111|84112	0.14046	0.11025	0	0.00464	0.44941000000000003	0.34417	0	0.30496	0.47989	4.87592	0	1.32495	0.06763999999999999	0	0	0	1.0086899999999999	1.04793	0	0.71911	0.08993999999999999	1.52325	0	3.5047099999999998	6.19875	1.18062	0	2.2301599999999997	0	0.25349	2.81534	2.57888	0.02114	0	0.16317	0	3.1682900000000003	0	4.82505	0.9910200000000001	0.46851000000000004	0	0	6.42441	0	0	0.07146	0	0.13624	0	0	0	3.9037900000000003	0	0.14176	0	0	1.8419900000000002	13.982439999999999	0.1205	0	0	0.76749	1.3018100000000001	2.27937	2.08433	0.6831	1.41009	1.3228600000000001	0.00509	0.39671	0.5166	0.32094	0	0.27897	0.3421	3.4502099999999998	2.07403	0.10304	0.01899	0	0	0.11712	0	0
Enterorhabdus_caecimuris	2|201174|84998|1643822|1643826|580024|671266	0	0.00628	0	0	0	0	0	0	0	0	0	0.00883	0	0	0	0	0	0	0	0	0	0	0	0	0	0	0	0	0	0	0	0.01542	0	0	0	0	0	0	0	0	0	0	0	0	0	0	0.01961	0	0	0	0	0	0	0	0	0	0.00426	0	0	0	0	0	0	0	0	0	0	0	0	0	0	0	0	0	0	0	0	0	0	0	0	0	0	0	0
Gordonibacter_pamelaeae	2|201174|84998|1643822|1643826|644652|471189	1.5028299999999999	0.23443000000000003	0	0.01205	0.14452	0.04533	0.005520000000000001	0.39192	0.27824	0.9924799999999999	0.1522	1.19363	0.01053	0	0	0	0.30204000000000003	0.0049299999999999995	0.14539000000000002	0.02494	0.16501	0.40116	0.28591	0.63712	0.36394	0.62812	0	0.07197	1.27298	0.31713	0.9921399999999999	0.8563200000000001	0	0	0.23667	0	0.18338	0	0.13809000000000002	0.41405	0	0.35216	0	0.37766	0.02311	0.14262	0.049710000000000004	0.32115	0.3349	0.07256	0.28974	0	0.35196	0	0.04778	0	0	0.26998	2.30597	0.88831	0	0.10512	0.03937	0.06561	0.15131	0.09297000000000001	0.6732	2.4372700000000003	0.27485	0	0	0.1484	0.20185999999999998	0.11026	0.096	0.07367	0.16147	0.10228	0.00339	0	0.23138000000000003	0.038689999999999995	0	0.09581	0
Slackia_isoflavoniconvertens	2|201174|84998|1643822|1643826|84108|572010	0	4.9583699999999995	2.65565	0	0	0	0	0	0	0	0	0	0	0	0	0	0	0	0	0	0	0	0	0	0	0	0	0	0	0	0	0	1.24704	0	0	0.14261	0	0	0	0	0	0	0	0	0	0	2.34522	0	0	0	1.08031	0	0	0	0	2.1818400000000002	0	0	0	0	0.72335	0.68828	5.40135	0	0	0	0	0	0	0	0	0	0	0	0	0	0	0	0	0.0902	0	0	0	0	0
Bacteroides_caccae	2|976|200643|171549|815|816|47678	0	5.53308	1.2283600000000001	0.055260000000000004	0	0	0	0	0	0	0	0.23615999999999998	4.41308	0	0	0	0.51502	0	1.195	0.26006	0	0.061720000000000004	0	0	0	0	0	0	0	0	0.41185	0	0	0	0	0.060570000000000006	0	0	0	0	1.7483799999999998	0	0	0	0.05368	0.16863	0	1.75977	0	0	0	0	0	0	0	0	1.02778	0	0.04542	0	0	0.057370000000000004	0	4.22176	1.14441	0	0	0	0	0.22483000000000003	0	0	0	0	0.01904	0	0.0094	0.23405	0	0.04556	0	0	0.79267	1.06976	0
Bacteroides_cellulosilyticus	2|976|200643|171549|815|816|246787	0.05267	0.0568	0.23895999999999998	0	0	0	0	0	0.0252	0	0	0.02939	0	0	0	0	0	0	0.024659999999999998	0	0.12336	0	0	0	0	0	0	0	0	0	0	0	0	0	0	0.27885	0	0	0	0	0	0	0	0	0	0	0.91027	0	0	0	0	0	0.12362999999999999	0	0	0	0.04803	0	0	0	0	0	0	0	0	0	0	0	0	0	3.7210900000000002	0	0	0	0.0802	0	0	0.11358	0	0	0	0	0	0.04603	0
Bacteroides_clarus	2|976|200643|171549|815|816|626929	0	0	0	0	0	0	0	0	0	0	0	0.0019	0	0	0	0	0	0	0	0	0	0	0	0	0	0	0	0	0	0	0	0	0	0	0	0	0	0	0	0	0	0	0	0	0	0	0	0	0	0	0	0	0	0	0	0	0	0	0	0	0	0	0	0	0	0	0	0	0	0	0	0	0	0	0	0	0	0	0	0	0	0	0	0	0
Bacteroides_coprocola	2|976|200643|171549|815|816|310298	0	0	0	0	0	0	0	0	0	0	0	0	0	0	0	0	0	0	0	0	0	0	0	0	0	0	0	0	0	0	0	0	0	0	0	0	0	0	0	0	0	0	0	0	0	0	0	0	0	0	0	0	0	0	0	0	0	0	0	0	0	0	0	0	0	0	0	0	0	0	0	0	0	0	0	0	0	0	0	0	0	0.39726999999999996	0	0	0
Bacteroides_dorei	2|976|200643|171549|815|816|357276	0.09815	1.58208	1.18489	0.35433000000000003	0	0	0.90291	0.031	0	0	0	0	0	0.46363000000000004	0	0	0.13066	1.10556	0	0	0	0	0	0.03715	0	0	0	0	0	0	0	0.01529	0	0	0	0	0	0	0	0	0	0	0	0	0.21485	0.08686	0.47629	0	0.03847	0	0.00701	0	6.49584	0	0	0	0	0	0	0.76058	0	0.15813	0	0.04906	0	0	0.00556	0	0	0	0	0	0	0	0	0	0	0.69612	0	0	0	0	0	0	0
Bacteroides_eggerthii	2|976|200643|171549|815|816|28111	0	0	0	5.98837	0	0.15404	0.24423000000000003	0	0	0.21700999999999998	0	0	0.09219	0.07197	0	0	0	0	1.2756	0	0	0	0	0	0	0	0	0	0	0	0	0	0	0	0	0.5513600000000001	0	0	0	0	0	0	0	0	0	0	0.6935100000000001	0	0	0	0	0	0	0	0	0	0	0	12.94891	0	0	0	0	0	0	0	0	0	0	0	0	0	0	0	0	0	0	0	0	0	0	0.10021000000000001	0	0	0
Bacteroides_faecis	2|976|200643|171549|815|816|674529	0	0	0	0	0	0	0	0	0	0	0	0	0	0	0	0	0	0	0	0	0	0	0	0	0	0	0	0	0	0	0	0	0	0	0.039580000000000004	0	0	0	0	0	0	0	0	0	0	0	0	0	0	0	0	0	0	0	0	0	0.24015999999999998	0	0	0	0	0	0	0	0	0	0	0	0	0	0	0	0	0	0	0	0	0.11498	0	0	0	0	0	0	0
Bacteroides_finegoldii	2|976|200643|171549|815|816|338188	0	0.014230000000000001	0	0.08237	0	0	0	0	0.25035	0	0.16327	0	2.34417	0	0	0	0	0	0	0	0	0	0	0	0	0	0	0	0	0	0	0	0	0	0	0	0	0	0	0	0	0	0	0	0	0	0	0	0	0	0	0	0	0	0	0	0	0	0	0	0	0	0	0	0	0	0	0	0	0	0	0	0	0	0	0	0	0.8159	0	0	0	0	0	0.0149	0
Bacteroides_fragilis	2|976|200643|171549|815|816|817	0	0	0	0.03411	0	0	0	0	1.10931	0	0	0	0	0	0	0	5.75895	0	0	0	0	0	0	0	0	0	0	0	0	0.29304	0	0.050460000000000005	0	0	0	0	0	0	0	0	0.055170000000000004	0	0	0	0.010209999999999999	0	0	0	0	0	0	0	0	0	0	0	0	0	0	0.23024	0	0	0	0.01095	0	0	0	0	0	0	0	0	0	0	0	0	0	0	0.20473	0	0	0	0.87789	0	0
Bacteroides_galacturonicus	2|976|200643|171549|815|816|384639	0	0	0	0	0	0	0	0	0	0	0	0	0	0	0	0	0	0	0	0	0	0	0	0	0	0	0	0	0	0	0	0	0	0	0	0	0	0	0	0	0	0	0	0	0	0	0	0	0	0	0	0	0	0	0	0	0	0	0	0	0	0	0	0	0	0	0	0	0	0	0	0	0	0	0	0	0	0	0.0337	0	0	0	0	0	0
Bacteroides_intestinalis	2|976|200643|171549|815|816|329854	0	0	0	0	0	0	0	0	0.15017	0	0	0	0	0	0	0	0	0.17023	0	0	0	1.0686	0	0	0	0	0	0	0	0	0	0	0	0	0	0	0	0	0	0	0.36111	0	0	0	0.23187	0	0	18.370379999999997	0	0	0	0	0	0	0	0	0.30482	0	0	0	0	0	0.2278	0.04096	0	0	0.02264	0	0	0	0	0	0	0	0	0	0	0	0	0	0	0	0	0	0
Bacteroides_massiliensis	2|976|200643|171549|815|816|204516	0	0	0.09298	0	0	0	0.10082	0	0	0	0	0	0	0.04972	0	0	0	0	0	0	0	0	0	0	0	0	0	0	0	0	0	0	0	0	0.00897	0	0	0	0	0	0	0	0	0	0	0	0	0	0	0	0	0	0	0	0	0	0	0	0	0	0	0	0	0	0	0	0	0	0	0	0	0.09093	0	0	0	0	0	0	0	0	0	0	0	0.12565	0
Bacteroides_nordii	2|976|200643|171549|815|816|291645	0	0	0	0	0	0	0	0	0	0	0	0	0	0	0	0	0	0	0	0	0	0	0	0	0	0	0	0	0	0	0	0	0	0	0	0	0	0	0	0	0	0	0	0	0	0	0	0	0	0	0	0	0	0	0	0	0	0	0	0	0	0	0	0	0	0	0	0	0	0	0.04601	0	0	0	0	0	0	0	0	0	0	0	0	0	0
Bacteroides_ovatus	2|976|200643|171549|815|816|28116	0	0.12685	0.35925999999999997	0	0	0	0.01411	0	0.4536	0	0.05202999999999999	0	0.8926299999999999	0	0	0	0.13767000000000001	0	0.13355999999999998	0.09506	0	0	0.7932600000000001	0	0	0	0	0	0	1.2415	0.0982	0	0	0	0	0.41403999999999996	0	0	0	0	0	0	0	3.02441	0.08495	0	0.09784	2.65536	0.050539999999999995	0	0	0	4.92969	0	0	0	0.41968999999999995	0	0	0.47373999999999994	0	0.39138	0	0	0	0	0	0	0	0	0	0	0	0	0	0	0.08148999999999999	2.00254	0.21934	0	0	0	0	0.12682000000000002	0
Bacteroides_plebeius	2|976|200643|171549|815|816|310297	0	0	0	0	0.08345	0	0	0	0	0	0	0	0	0	0	0	0	0	0	0	0	0	0	0.9961399999999999	0	0	0	0	0	0	0	0	0	0	0	0	0	0	0	0	0	0	0	0	0	0	0	0	0	0	0	0	0	0	0	0	0.08724	0	0	0	0	0.16093	0	0	0	0	0	0	0	0	0	0	0	0	0	0	0	0	0	0	0.09713	0	0	0	0
Bacteroides_sp_CAG_927	2|976|200643|171549|815|816|1262753	0	0	0	0	0	0	0.25232	0	0	0	0	0.5266	0	0.01545	0	0	0	0	0	0	0	0	0	0	0	0	0	0	0	0	0	0	0	0	0	0	0	0	0	0	0	0	0	0	0	0	0	0	0	0	0	0	0	0	0	0	0	0	0	0	0	0	0	0	0	0	0	0	0	0	0	0	0	0	0	0	0	0	0	0	0	0	0	0	0
Bacteroides_sp_OM08_11	2|976|200643|171549|815|816|2292284	0	0.05683	0	0	0	0	0	0	0	0	0	0	0	0	0	0	0	0	0	0	0	0	0	0	0	0	0	0	0	0	0	0	0	0	0	0	0	0	0	0	0	0	0	0	0	0	0	0	0	0	0	0	0	0	0	0	0	0	0	0	0	0	0	0	0	0	0	0	0	0	0	0	0	0	0	0	0	0	0	0	0	0	0	0	0
Bacteroides_stercoris	2|976|200643|171549|815|816|46506	0	0.31927	0	0	0	0.020980000000000002	0.1701	0	0.13953	0	0	0	4.11381	0	0	0	0	0	0	0	0	0	0	0	0	0	0	0	0	0	0	0	0	0	0.30921	0	0	0	0	0	0	0	0	0	0	0	0	0	0	0	0	0	0	0	0	0	0	0	0	0	0	0.93447	0	4.7064	0	0.16425	0.18186	0	0	0.07096000000000001	0	0	0	0.0128	0	0.033569999999999996	0	0	0	0	0	0.06617	0	0.9543	0
Bacteroides_thetaiotaomicron	2|976|200643|171549|815|816|818	0.00161	0.056670000000000005	0.5824699999999999	0.061739999999999996	0	0	0	0	0.2787	0	0.17857	0	2.31639	0	0	0	0	0.5341199999999999	0.12462999999999999	0	0	0	0	0	0	0	0	0	0	0	0.00962	0	0	0	0	0	0	0	0	0	0.10206	0	0	0	0	0	0	0	0	0	0	0	0	0	0	0	0	0	0.26537	0.09444	0	0.0281	0.02421	0.52103	0	0	0	0	0	0	2.47876	0	0	0	0	0	0	0	0.33691	0	0	0	0	0	0
Bacteroides_uniformis	2|976|200643|171549|815|816|820	0.11055	1.11661	4.92747	0.56721	0	0.13179000000000002	0.58025	0.04643	7.12627	0.15924000000000002	3.67139	1.52929	6.87565	0.282	0	0.8219299999999999	0.02001	0.6385	4.36229	0	0.54814	0.39752	0.43873999999999996	0	0	0	0	0	0	1.2680200000000001	0.62217	3.2709599999999996	0.57819	0	0.12888	2.49171	0.045	0	0.14856	1.13921	1.8014700000000001	0	0	0.05069	0.51032	1.5877299999999999	1.02106	1.6591200000000002	0	0.10977999999999999	0	0	0	0	0	0	0.042210000000000004	0	4.47854	1.8313400000000002	0.11887	0.62664	0.41318999999999995	0.9478700000000001	0	0.05969	0.25484	0	0	0.43415	0	0.57085	0.04225	0	0	0	0.08276	0	0	0	0.5476	0.044610000000000004	4.04933	3.8733699999999995	0
Bacteroides_vulgatus	2|976|200643|171549|815|816|821	0	0.04684	0	0.47088	0	0	0.08832999999999999	0	0.7909	0	0.15366	0.30872	12.68591	0.07624	0	0	0	0.24622	0.6530199999999999	0	0.19599	0	0	0	0	0	0	0	0	0.04807	0.42635	0	0	0	0	0.28429	0	0	0.25127	0.14706	0	0	0	4.10043	0	0	0	1.15228	0	0.12	0	0	0	0	0	0	0.41278000000000004	0	2.29887	1.6394799999999998	0	0.12724000000000002	0.33718000000000004	1.7731700000000001	0	0	0.08995	0	0	0	0	0.15807000000000002	0.15286	0	0	0	0	0	1.72587	0.22776	0	0.2532	0.03791	0.92871	0
Bacteroides_xylanisolvens	2|976|200643|171549|815|816|371601	0	0	0.02178	0.04833	0	0	0	0	0	0	0	0.21450999999999998	0	0	0	0	0	1.08386	0	0	0	0	0	0	0	0	0	0	0	3.35753	0	0	0	0	0	0	0	0	0	0	0.04088	0	0	0.9067299999999999	0	1.14428	0	0	0	0	0	0	0	0	0	0	0	0	0.58849	0	0	0	0	1.23271	0	0	0	0	0	0	0.27295	0	0	0	0	0	0	0	0	0	0	0	0.01788	0	0
Barnesiella_intestinihominis	2|976|200643|171549|2005519|397864|487174	0.57496	0.45496000000000003	0	0.18385	0	0	0	0	0.28418000000000004	0	0.23081999999999997	0	0	0	0	0	0	0	1.05846	0	0	0	0	0	0	0	0	0	0	0	0	0.11045999999999999	0	0	0	0	0	0	0	0	0.33055999999999996	0	0	0	0	0	0	1.7286099999999998	0	0	0	0	0	0	0	0	0.43241999999999997	0	0	0.58887	0	0	0	0	0	0	0	0	0	0	0	0	0	0	0	0	0	0	0	0	0	0	0	0.9562200000000001	0
Barnesiella_sp_An22	2|976|200643|171549|2005519|397864|1965590	0	0	0.12415999999999999	0	0	0	0	0	0	0	0	0	0	0	0	0	0	0	0	0	0	0	0	0	0	0	0	0	0	0	0	0	0	0	0	0	0	0	0	0	0	0	0	0	0	0	0	0	0	0	0	0	0	0	0	0	0	0	0	0	0	0	0	0	0	0	0	0	0	0.03132	0	0	0	0	0	0	0	0	0	0	0	0	0	0	0
Coprobacter_sp	2|976|200643|171549|2005519|1348911|1941478	0	0	0	0	0	0	0	0	0	0	0	0	0	0	0	0	0.09492	0	0	0	0	0	0	0	0	0	0	0	0	0	0	0	0	0	0	0	0	0	0	0	0	0	0	0	0	0	0	0	0	0	0	0	0	0	0	0	0	0	0	0	0	0	0	0	0	0	0	0	0	0	0	0	0	0	0	0	0	0	0	0	0	0	0	0	0
Odoribacter_laneus	2|976|200643|171549|1853231|283168|626933	0	0	0	0	0	0	0.10720999999999999	0	0	0	0	0	0	0	0	0	0	0	0	0	0	0	0	0	0	0	0	0	0	0	0	0	0	0	0	0	0	0	0	0	0	0	0	0	0	0	0	0	0	0	0	0	0	0	0	0	0	0	0	0	0	0	0	0	0	0	0	0	0	0	0	0	0	0	0	0	0	0	0	0	0	0	0	0	0
Odoribacter_splanchnicus	2|976|200643|171549|1853231|283168|28118	0	0	0.04174	0	0	0	0.02655	0	0	0	0.34271999999999997	0	1.19246	0	0	0	0	0	0	0	0	0	0	0	0	0	0	0	0	0	0	0	0	0	0	0	0	0	0	0	0	0	0	0	0	0	0	0	0	0	0	0	0	0	0	0	0	0	0.038060000000000004	0	0.17724	0	0.00579	0.46342	0	0	0	0	0	0	0	0	0	0	0.03851	0	0	0	0.01522	0	0	0	0	0	0
Porphyromonas_asaccharolytica	2|976|200643|171549|171551|836|28123	0	0.08362	0	0	0	0	0	0	0	0	0	0	0	0	0	0	0	0	0	0	0	0	0	0	0	0	0	0	0	0	0	0.1449	0	0	0	0	0	0	0	0	0	0	0	0	0	0	0	0	0	0	0	0	0	0	0	0	0	0	0	0.32436	2.17445	0	0	0	0	0	0	0	0	0	0	0	0	0	0.37196	0	0	0	0	0	0	0	0	0	0
Porphyromonas_uenonis	2|976|200643|171549|171551|836|281920	0	0	0	0	0	0	0	0	0	0	0	0	0	0	0	0	0	0	0	0	0	0	0	0	0	0	0	0	0	0	0	0	0	0	0	0	0	0	0	0	0	0	0	0	0	0	0	0	0	0	0	0	0	0	0	0	0	0	0	0	0.03882	0	0	0	0	0	0	0	0	0	0	0	0	0	0	0	0	0	0	0	0	0	0	0	0
Paraprevotella_clara	2|976|200643|171549|171552|577309|454154	0	0	0	0	0	0	0	0	0	0	0	0	0	0	0	0	0	0	0	0	0	0	0	0	0	0	0	0	0	0	0.06794	0	0	0	0	0	0	0	0	0	0	0	0	0	0	0	0	0	0	0	0	0	0	0	0	0	0	0	0	0	0	0.11577	0	0	0	0	0	0	0	0	0	0	0	0	0	0	0	0	0	0	0	0	0	0	0
Paraprevotella_xylaniphila	2|976|200643|171549|171552|577309|454155	0	0	0	0	0	0	0	0	0	0	0	0	0	0	0	0	0	0	0	0	0	0	0	0	0	0	0	0	0	0	0.049389999999999996	0	0	0	0	0.29662	0	0	0	0	0	0	0	0	0	0	0	0	0	0	0	0	0	0	0	0	0.04179	0	0	0	0	0.43423999999999996	0	0	0	0	0	0	0	0	0	0	0	0	0	0	0	0	0	0	0	0	0	0	0
Prevotella_buccalis	2|976|200643|171549|171552|838|28127	0	0	0	0	0	0	0	0	0	0	0	0	0	0	0	0	0	0	0	0	0	0	0	0	0	0	0	0	0	0	0	0	0	0	0	0	0	0	0	0	0	0	0	0	0	0	0	0	0	0	0	0	0	0	0	0	0	0	0	0.09587000000000001	0	0	0	0	0	0	0	0	0	0	0	0	0	0	0	0	0	0	0	0	0	0	0	0	0
Prevotella_copri	2|976|200643|171549|171552|838|165179	0	0.307	0	0	0	0	0	0	0	0	0	0	35.62787	0	0	0	0	0	0	0	0	0	0	0	0	0	0	0	0	0	0	0	0	0	0	26.51882	0	0	0	0	0	0	0	0	0	0	0	0	0	0	1.2641200000000001	0	0	0	0	0	2.18058	0	0	0	0	0	0	0	0	0	0	0	0	0	0	0	0	0	0	0	0	0	0	0	0	0	0	0	0
Prevotella_sp_885	2|976|200643|171549|171552|838|2022527	0	0	0	0	0	0	0	0	0	0	0	0	0	0	0	0	0	0	0	0	0	0	0	0	0	0	0	0	0	0	0	0	0	0	0	0	0	0	0	0	0	0	0	0	0	0	3.04589	0	0	0	0	0	0	0	0	0	0	0	0	0	0	0	0	0	0	0	0	0	0	0	0	0	0	0	0	0	0	0	0	0	0	0	0	0	0
Prevotella_sp_CAG_1031	2|976|200643|171549|171552|838|1262917	0	0	0	0	0	0	0	0	0	0	0	0	0	0	0	0	0	0	0	0	0	0	0	0	0	0	0	0	0	0	0	0	0	0	0	0	0	0	0	0	0	0	0	0	0	0	0	0	0	0	0	0	0	0	0	0	0	0	0	0	0.05119	0	0	0	0	0	0	0	0	0	0	0	0	0	0	0	0	0	0	0	0	0	0	0	0
Prevotella_sp_CAG_279	2|976|200643|171549|171552|838|1262924	0	0	0	0	0	0	0	0.07746	0	0	0	0	0	0	0	0	0	0	0	0	0	0	0	0	0	0	0	0	0	0	0	0	0	0	0	0	0	0	0	0	0	0	0	0	0	0	0	0	0	0	0	0	0	0	0	0	0	0	0	0	0	0.21599000000000002	0	0	0	0	0	0	0	0	0	0	0	0	0	0	0	0	0	0	0	0	0	0.63359	0
Alistipes_finegoldii	2|976|200643|171549|171550|239759|214856	0.24752	0.00279	0	0.19929000000000002	0	0	0.04761	0	0	0	0	1.3930799999999999	0	0	0	0	0	0	0.11677	0	0	0	0	0	0	0	0	0	0	0.45891000000000004	0	0	0	0	0	0	0	0	0	0	0.040619999999999996	0	0	0	0	0	0	1.07259	0	0	0	0	0.16499	0	0	0	0	0	12.546669999999999	0	0	0.16413	0	0	0	0	0	0	0	0	0	0	0.07597000000000001	0	0	0	0	0	0	0	0	0	0	0	0
Alistipes_indistinctus	2|976|200643|171549|171550|239759|626932	0	0	0	0	0	0	0	0	0	0	0	0	0	0	0	0	0	0	0.058960000000000005	0	0	0	0	0	0	0	0	0	0	0	0	0	0	0	0	0.11759000000000001	0	0	0	0	0	0	0	0	0	0	0	0	0	0	0	0	0	0	0	0	0.50531	0	0	0	0	0	0	0.01151	0	0	0	0	0	0	0	0	0	0	0	0	0	0	0	0	0	0	0	0	0
Alistipes_inops	2|976|200643|171549|171550|239759|1501391	8.10414	0	0.68662	0	0	0	0.02452	0	0	0	0	0	0	0	0	0	0	0	0.45414	0	0	0	0	0	0	0	0	0	0	0	0	0	0	0	0	0	0	0	0	0	0	0	0	0	0	0	0	0	0	0	0	0	0	0	0	0	0	0	0	0	0	0	0	0	0	0	0	0	0	0	0	0	0	0	0.23855	0	0	0	0.80043	0	0	0.10455	0	0	0
Alistipes_onderdonkii	2|976|200643|171549|171550|239759|328813	0	0	0	0	0	0	0	0	0	0	0	0	0	0	0	0	0	0.18617	0	0	0	0	0	0	0	0	0	0	0	2.87259	0	0	0	0	0	0	0	0	0	0	0	0	0	0	0	0	0	0	0	0	0	0	0.1074	0	0	0	0	0	0	0	0	0	0	0	0	0	0	0	0	0	0	0	0	0	0	0	0	0	0	0	0	0	0	0	0
Alistipes_putredinis	2|976|200643|171549|171550|239759|28117	0	0.15037	0.1293	0.26676	0	0.06568	0	0.02412	0	0	0.8741	0.14544	0	0	0	0.27769	0.07925	0	1.7876599999999998	0	0.09026	1.6844400000000002	0	0	0	0	0	0	0	1.32578	0	0.15792	0.03135	0	0.14134000000000002	0.9838	0	0	0	0	4.74075	0	0	0	0.24599000000000001	0	0	0	0	0.00745	0	0	0	0	0	0	0.8722	0	1.18167	0.20744	0	0.12013	0.67062	4.22331	0	0	0.1216	0	0	0.7084	0	0	0.7622399999999999	0	0	0.07818	0	0	0	0	0	0	1.17619	3.0451200000000003	0
Alistipes_shahii	2|976|200643|171549|171550|239759|328814	0	0	0.00445	0.04072	0	0	0	0	0	0	0	0	0.14363	0	0	0	0	0.058429999999999996	0.09557	0	0	0	0	0	0	0	0	0	0	0	0	0	0	0	0	0.13757	0	0	0	0	0	0	0	0	0.07782	0	0	0	0	0	0	0	0	0	0	0	0	0	0	0.02984	0	0	0	0.16697	0	0	0	0	0	0	0	0	0	0	0	0	0	0	0	0	0	0	0	0.1179	0
Alistipes_sp_An31A	2|976|200643|171549|171550|239759|1965631	0	0	1.29493	0	0	0	0	0	0	0	0	0	0	0	0	0	0	0	0	0	0	0	0	0	0	0	0	0	0	0	0	0	0	0	0	0	0	0	0	0	0	0	0	0	0	0	0	0	0	0	0	0	0	0	0	0	0	0	0	0	0	0	0	0	0	0	0	0	0	0	0	0	0	0	0	0	0	0	0	0	0	0	0	0	0
Rikenella_microfusus	2|976|200643|171549|171550|28138|28139	0	0	0	0	0	0	0	0	0	0	0	0	0	0	0	0	0	0	0	0	0	0	0	0	0	0	0	0	0	0.06812	0	0	0	0	0	0	0	0	0	0	0	0	0	0	0	0	0	0	0	0	0	0	0	0	0	0	0	0	0	0	0	0	0	0	0	0	0	0	0	0	0	0	0	0	0	0	0	0	0	0	0	0	0	0	0
Parabacteroides_distasonis	2|976|200643|171549|2005525|375288|823	0	0	0.287	0.07704	0	0	0.13776	0	0.28481999999999996	0	0.060660000000000006	0	0	0	0	0	0	0	0.27965	0	0	0	0	0	0	0	0	0	0	0	0	0.07395	0	0	0.02847	0.28275	0	0	0	0	0	0	0	0.38602	0	0	0.45171999999999995	0	0	0.00953	0	0	0	0	0	0	0.07833	0	0	0.10867	0.02314	0	0.07723	0.0211	0	0	0	0	0	0	0	0	0	0	0	0	0.3133	0	0	0	0	0	0	0.20172	0
Parabacteroides_goldsteinii	2|976|200643|171549|2005525|375288|328812	0	0	0.03631	0	0	0	0	0	0	0	0	0	0	0	0	0	0	0	0	0	0	0	0	0	0	0	0	0	0	0	0	0	0	0	0	0	0	0	0	0	0	0	0	0	0	0	0	0	0	0	0	0	0	0	0	0	0	0	0	0	0	0	0	0.41852	0	0	0	0.0217	0	0	0	0	0	0	0	0	0	0	0.0512	0	0	0	0	0	0
Parabacteroides_johnsonii	2|976|200643|171549|2005525|375288|387661	0.10117000000000001	0	0.9655799999999999	0.2585	0	0	0	0	0	0	0	0	0	0	0	0	0	0	0	0	0	0	0	0	0	0	0	0	0	0	0	0	0	0	0	0	0	0	0	0	0	0	0	0	0	0	0	0	0	0	0	0	0	0	0	0	0	0	0	0	0	0	0	0	0	0	0	0	0	0	0	0	0	0	0	0	0	0	0	0	0	0	0	0	0
Parabacteroides_merdae	2|976|200643|171549|2005525|375288|46503	0	0.09812	0	0	0	0	0.0072299999999999994	0	0.5677399999999999	0	0	0.2774	5.63365	0	0	0	0.23836	0	0	0	0	0	0.10339000000000001	0	0	0	0	0	0	0.05342	0.32548	0	0	0	0	1.4765700000000002	0	0	0	0	0.29627	0	0	0	0.17636	0	0.68407	0.75229	0	0.09197999999999999	0.05844	0	0	0	0	0.2147	0.45161999999999997	0	0.05567999999999999	0.70603	0	0.0067599999999999995	0.06367	0.42949	0	0	0	0	0	0.0054399999999999995	0	0.02495	0.037939999999999995	0	0	0	0	0.13137000000000001	0	0	0	0.02554	2.2032	1.78575	0
Parabacteroides_sp_CAG_409	2|976|200643|171549|2005525|375288|1262913	0	0.05122	0	0	0	0	0	0	0	0	0	0	0	0	0	0	0	0	0	0	0	0	0	0	0	0	0	0	0	0	0	0	0	0	0	0	0	0	0	0	0	0	0	0	0	0	0	0	0	0	0	0	0	0	0	0	0.09645	0	0	0	0	0.01902	0	0	0	0	0	0	0	0	0	0	0	0	0	0	0	0	0	0	0	0	0	0	0
Gemella_morbillorum	2|1239|91061|1385||1378|29391	0	0	0	0	0	0	0	0	0	0	0	0	0	0	0	0	0	0	0	0	0	0	0	0	0	0	0	0	0	0	0	0	0	0	0	0	0	0	0	0	0	0	0	0	0	0	0	0	0	0	0	0	0.14372000000000001	0	0	0	0	0	0	0	0	0	0	0	0	0	0	0	0	0	0	0	0	0	0	0	0	0	0	0	0	0	0	0	0
Gemella_sanguinis	2|1239|91061|1385||1378|84135	0	0	0	0	0	0.04237	0	0	0	0	0	0	0	0	0	0	0	0	0	0	0	0	0	0	0.3174	0	0	0	0	0	0	0	0	0	0	0	0	0	0	0	0	0	0	0	0	0	0	0	0	0	0.0885	0	0	0	0.01087	0	0	0	0	0	0	0	0	0	0	0	0	0	0	0	0	0	0	0	0.061579999999999996	0	0	0.007370000000000001	0	0	0.02474	0	0	0	0
Enterococcus_faecalis	2|1239|91061|186826|81852|1350|1351	0	0	0	0	0	0	0	0	0	0	0	0	0	0	0	0	0	0	0	0	0	0	0	0	0	0	0	0	0	0	0	0.15281	0	0	0	0	0	0	0	0	0	0	0	0	0	0	0	0	0	0	0	0	0	0	0	0	0	0	0	0	0	0	0	0	0	0	0	0	0	0	0	0	0	0	0	0	0.30931	0	0	0	0	0	0	0	0
Enterococcus_faecium	2|1239|91061|186826|81852|1350|1352	0	0	0	0	0	0	0	0	0	0	0	0	0	0	0	0	0	0	0	0.0178	0	0	0	0	0	0	0	0	0	0	0	0	0	0	0	0	0	0	0	0	0	0	0	0	0	0	0	0	0	0	0	0	0	0	0	0	0	0	0	0	0	0	0	0	0	0	0	6.9473199999999995	0	0	0	0	0	0	0	0	0	0	0	0	0	0.09697	0	0	0
Lactobacillus_curvatus	2|1239|91061|186826|33958|1578|28038	0	0	0	0	0	0	0	0	0	0	0	0	0	0	0	0	0	0	0	0	0	0	0	0	0	0	0	0	0.81292	0	0	0	0	0	0	0	0	0	0	0	0	0	0	0	0	0	0	0	0	0	0	0	0	0	0	0	0	0	0	0	0	0	0	0	0	0	0	0	0.00997	0	0	0	0	0	0	0	0	0	0	0	0	0	0	0	0
Lactobacillus_delbrueckii	2|1239|91061|186826|33958|1578|1584	0	0	0	0	0	0.004370000000000001	0	0	0	0	0	0	0	0	0	0	0	0	0	0	0	0	0	0	0	0.14751	0	0	0	0	0	0	0	0	0	0	0	0	0	0	0	0	0	0	0	0	0	0	0.41522	0	0	0	0	0	0	0	0	0	0	0	0	0	0	0	0	0	0	0.02519	0	0	0	0	0	0	0	0	0	0	0	0	0	0	0	0	0
Lactobacillus_fermentum	2|1239|91061|186826|33958|1578|1613	0	0	0	0	0	1.49315	0	0	0	0	0	0	0	0	0	0	0	0	0	0	0	0	0	0	0.00944	0	0	0	0	0	0	0	0	0	0	0	0	0	0	0	0	0	0	0	0	0	0	0	0	0	0.1539	0	0	0	0	0	0	0	0	0	0	0	0	0	0	0	0	0	0	0	0	0	0	0	0	0	0.28522	0	0	0	0	0	0	0	0
Lactobacillus_gasseri	2|1239|91061|186826|33958|1578|1596	0	0	0	0	0	0	0	0	0	0	0	0	0	0	0	0	0	0	0	0	0	0	0	0	0	0	0	0	0	0	0	0	0	0	0	0	0	0	0	0	0	0	0	0	0	0	0	0	0	0	0	0	0	0	0	0	0	0	0	0	0	0	0	0	0	0	0	0	0	0	0	0	0	0	0	0.03779	0	0	0	0	0	0	0	0	0
Lactobacillus_mucosae	2|1239|91061|186826|33958|1578|97478	0	0	0	0	0	0	0	0	0	0	0	0	0	0	2.91846	0	0	0	0	0	0	0	0	0	0	0	0	0	0	0	0	0	0	0	0	0	0	0	0	0	0	0	0	0	0	0	0	0	0	0	0	0	0	0	0	0	0	0	0	0	0	0	0	0	0	0	0	0	0	0	0	0	0	0	0	0	0	0	0	0	0	0	0	0	0
Lactobacillus_plantarum	2|1239|91061|186826|33958|1578|1590	0	0	0	0	0	0.04863	0	0	0	0	0	0	0	0	0	0	0	0	0	0	0	0	0	0	0	0	0	0	0	0	0	0	0	0	0	0	0	0	0	0	0	0	0	0	0	0	0	0	0	0	0	0	0	0	0	0	0	0	0	0	0	0	0	0	0	0	0	0	0	0	0	0	0	0	0	0	0	0	0	0	0	0	0	0	0
Lactobacillus_rhamnosus	2|1239|91061|186826|33958|1578|47715	0	0	0	0	0	0	0	0	0	0	0	0	0	0	0	0	0	0	0	0	0	0	0	0	0	0	0	0	0	0	0	0	0	0	0	0	0	0	0	0	0	0	0	0	0	0	0	0	0	0	0	0	0	0	0	0	0	0	0	0	0	0	0	0	0	0	0	0	0	0	0	0	0	0	0	0	0.57352	0	0	0	0	0	0	0	0
Lactobacillus_ruminis	2|1239|91061|186826|33958|1578|1623	0	0	0	0	0	0	0	0	0	0	0	0	0	0	0	0	0	0	0	0	0	0	0	0	0	0	0	0	0	0	0	0	0	0	0	0	0	0	0	0	0	0	0	0	0	0	0	0	0	0	0	0	0	0	0	0	0	0	0	0	0	0	0	0	0	0	0	0	0	0	0	0	0	0	0	0	0	0	0	0	0.27023	0	0	0	0
Lactobacillus_sakei	2|1239|91061|186826|33958|1578|1599	0	0	0	0	0	0	0	0	0	0	0	0.05237000000000001	0	0	0	0	0	0	0	0	0	0	0	0	0	0	0	0	0.8931100000000001	0	0	0	0	0	0	0	0	0	0	0	0	0	0	0	0	0	0	0	0	0	0	0	0	0	0	0	0	0	0	0	0	0	0	0	0	0	0	0	0	0.36128000000000005	0	0	0	0	0	0	0	0	0	0	0	0	0	0	0
Lactobacillus_salivarius	2|1239|91061|186826|33958|1578|1624	0	0	0	0	0	0	0	0	0	0	0	0	0	0	0	0	0	0	0	0	0	0	0	0	0	0	0	0	0	0	0	0	0	0	0	0	0	0	0	0	0	0.17049	0	0	0	0	0	0	0	0	0	0	0	0	0	0	0	0	0	0	0	0	0	0	0	0	0	0	0	0	0	0	0	0	0	0	0	0	0	0	0	0	0	0	0
Leuconostoc_mesenteroides	2|1239|91061|186826|81850|1243|1245	0	0	0	0	0	0	0	0	0	0	0	0.0394	0	0	0	0	0	0	0	0	0	0	0	0	0	0	0	0	0	0	0	0	0	0	0	0	0	0	0	0	0	0	0	0	0	0	0	0	0	0	0	0	0	0	0	0	0	0	0	0	0	0	0	0	0	0	0	0	0	0	0	0	0	0	0	0	0	0	0	0	0	0	0	0	0
Weissella_cibaria	2|1239|91061|186826|81850|46255|137591	0	0	0.19591	0	0	0	0	0	0	0	0	0	0	0	0	0	0	0	0	0	0	0	0	0	0	0	0	0	0	0	0	0	0	0	0	0	0	0	0	0	0	0	0	0	0	0	0	0	0	0	0	0	0	0	0	0	0	0	0	0	0	0	0	0	0	0	0	0	0	0	0	0	0	0	0	0	0	0	0	0	0	0	0	0	0
Weissella_confusa	2|1239|91061|186826|81850|46255|1583	0	0	0	0	0	0	0	0	0	0	0	0	0	0	0	0	0	0	0	0	0	0	0	0	0.13016	0	0	0	0	0	0	0	0	0	0	0	0	0	0	0	0	0	0	0	0	0	0	0	0	0	0	0	0	0	0	0	0	0	0	0	0	0	0	0	0	0	0	0	0	0	0	0	0	0	0	0	0	0	0	0	0	0	0	0	0
Lactococcus_garvieae	2|1239|91061|186826|1300|1357|1363	0	0	0	0	0	0	0	0	0	0	0	0	0	0	0	0	0	0	0	0	0	0	0	0	0	0	0	0	0	0	0	0	0	0	0	0	0	0	0	0	0	0.27105999999999997	0	0	0	0	0	0	0	0	0	0	0	0	0	0	0	0	0	0	0	0	0	0	0	0	0	0	0	0	0	0	0	0	0	0	0	0	0	0	0	0	0	0	0
Lactococcus_lactis	2|1239|91061|186826|1300|1357|1358	0.01655	0	0	0	0	0	0	0	0	0	0	0	0	0	0	0	0	0	0	0	0	0	0	0	0	0	0	0	0	0	0	0	0	0	0	0	0	0	0	0	0	0	0	0	0	0	0	0	0	0	0	0	0	0	0	0	0	0	0	0	0	0	0	0	0	0	0	0	0	0.191	0	0	0	0	0	0	0.02072	0	0	0	0.02444	0	0	0	0
Lactococcus_petauri	2|1239|91061|186826|1300|1357|1940789	0	0	0	0	0	0	0	0	0	0	0	0	0	0	0	0	0	0	0	0	0	0	0	0	0	0	0	0	0	0	0	0	0	0	0	0	0	0	0	0	0	0.25189	0	0	0	0	0	0	0	0	0	0	0	0	0	0	0	0	0	0	0	0	0	0	0	0	0	0	0	0	0	0	0	0	0	0	0	0	0	0	0	0	0	0	0
Lactococcus_piscium	2|1239|91061|186826|1300|1357|1364	0	0	0	0	0	0	0	0	0	0	0	0	0	0	0	0	0	0	0	0	0	0	0	0	0	0	0	0	0	0	0	0	0	0	0	0	0	0	0	0	0	0	0	0	0	0	0	0	0	0	0	0	0	0	0	0	0	0	0	0	0	0	0	0	0	0	0	0	0	0	0	0	0	0	0	0	0	0	0	0.025710000000000004	0	0	0	0	0
Streptococcus_agalactiae	2|1239|91061|186826|1300|1301|1311	0	0	0	0	0	0	0	0	0	0	0	0	0	0	0	0	0	0	0	0	0	0	0	0	0	0	0	0	0	0	0	0	0	0	0	0	0	0	0	0	0	0	0	0	0	0	0	0	0	0	0	0	0.11254000000000002	0	0	0	0	0	0	0	0	0	0	0	0	0	0	0	0	0	0	0	0	0	0	0	0	0	0	0	0	0	0	0	0
Streptococcus_anginosus_group	2|1239|91061|186826|1300|1301|671232	0	0	0	0	0	0.18124	0	0	0	0	0	0	0	0	0	0	0.00636	0	0	0	0	0	0	0	0	0	0	0	0.051739999999999994	0	0	0	0	0	0	0	0	0	0	0	0	0	0	0	0	0	0	0	0	0	0	0	0	0	0	0	0	0	0	0	0	0	0	0	0	0	0	0	0	0	0	0	0	0	0	0	0	0	0	0	0	0	0	0	0
Streptococcus_australis	2|1239|91061|186826|1300|1301|113107	0	0	0	0	0	0.5038	0	0	0	0	0	0	0	0	0	0	0	0	0	0	0	0	0	0	1.3714600000000001	0	0	0	0	0	0	0	0	0	0	0	0	0	0	0	0	0	0	0	0	0	0	0.05322999999999999	0	0	0	0	0	0	0	0	0	0	0	0	0	0	0	0	0	0	0	0	0	0	0	0	0	0	0	0	0	0.048389999999999996	0	0	0	0	0	0	0
Streptococcus_gordonii	2|1239|91061|186826|1300|1301|1302	0	0	0	0	0	0.1878	0	0	0	0	0	0	0	0	0	0	0	0	0	0	0	0	0	0	2.16375	0	0	0	0	0	0	0	0.12522	0	0	0	0	0	0	0	0	0	0	0	0	0	0	1.16507	0	0	0.22919	0	0	0	0	0	0	0	0	0	0	0	0	0	0	0	0	0	0	0	0	0	0	0	0.03153	0	0.34629	0	0	0	0	0	0	0	0
Streptococcus_infantis	2|1239|91061|186826|1300|1301|68892	0	0	0	0	0	0	0	0	0	0	0	0	0	0	0	0	0	0	0	0	0	0	0	0	0.93771	0	0	0	0	0	0	0	0	0	0	0	0	0	0	0	0	0	0	0	0	0	0	0	0	0	0	0	0	0	0	0	0	0	0	0	0	0	0	0	0	0	0	0	0	0	0	0	0	0	0	0	0	0	0	0	0	0	0	0	0
Streptococcus_lutetiensis	2|1239|91061|186826|1300|1301|150055	0	0	0	0	0	0	0	0	0	0	0	0	0	0	0	0	0	0	0	0	0	0	0	0	0	0	0	0	0	0	0	0	0	0	0	0	0	0	0	0	0	0	0	0	0	0	0	0	0	0	0	0	0	0	0	0	0	0	0	0	0	0	0	0	0	0	0	0	0	0	0	0	0	0	0	0	0	0	0	7.4771600000000005	0	0	0	0	0
Streptococcus_mitis	2|1239|91061|186826|1300|1301|28037	0	0	0	0	0	0	0	0	0	0	0	0	0	0	0	0	0	0	0	0	0	0	0	0	0.33299	0	0	0	0	0	0	0	0	0	0	0	0	0	0	0	0	0	0	0	0	0	0	0	0	0	0	0	0	0	0	0	0	0	0	0	0	0	0	0	0	0	0	0	0	0	0	0	0	0	0.28528000000000003	0	0	0	0	0	0	0	0	0	0
Streptococcus_mutans	2|1239|91061|186826|1300|1301|1309	0	0	0	0	0	0.14097	0	0	0	0	0	0	0	0	0	0	0	0	0	0	0	0	0	0	0	0	0	0	0	0	0	0	0.11927	0	0.0821	0	0	0	0	0	0	0.28035	0	0	0	0	0	0	0	0	0	0	0	0	0	0	0	0	0	0	0	0	0	0	0	0	0	0	0	0	0	0	0	0	0	0	0	0	0	0	0	0	0	0	0
Streptococcus_oralis	2|1239|91061|186826|1300|1301|1303	0	0	0	0	0	0.025230000000000002	0	0	0	0	0	0	0	0	0	0	0	0	0	0	0	0	0	0	0.27173	0	0	0	0.17861	0	0	0	0	0	0	0	0	0	0	0	0	0	0	0	0	0	0	0	0	0	0.02692	0	0	0	0	0	0	0	0	0	0	0	0	0	0	0	0	0	0	0.12847	0	0	0	0	0.25103000000000003	0	0	0	0	0	0	0	0	0	0
Streptococcus_parasanguinis	2|1239|91061|186826|1300|1301|1318	0.06389	0.1593	0.15632000000000001	0	0	0.23768000000000003	0	0.2324	0.07775	0	0.20931	0.07761	0.06034	0	0	0.061270000000000005	0.17153	0	0.44766999999999996	0.27413000000000004	1.9435799999999999	0	0.94889	0	8.44674	0	0	0	3.7804599999999997	0.00639	0	0.03611	1.7078400000000002	0	0.22471	0	0.06368	0	0	0.17655	1.1716799999999998	1.07431	0	0	0	0	0.0696	2.56458	0.1666	0	1.5531	0	0.21570999999999999	0	0.00797	0	0.0037600000000000003	0.11517999999999999	0.11162000000000001	0	0	0	0	0.02162	1.04518	0	0.1442	5.06536	0.14407999999999999	0.15549000000000002	0.0847	0	0.00811	0	8.98926	0	1.19125	0	0.00592	0.029480000000000003	0.36138000000000003	0	0	0	0
Streptococcus_pasteurianus	2|1239|91061|186826|1300|1301|197614	0	0	0	0	0	0	0	0	0	0	0	0	0	0	0	0	0	0	0	0	0	0	0	0	0	0	0	0	0	0	0	0	0	0	0	0	0	0	0	0	0	0	0	0.05679	0	0	0	0	0	0	0	0	0	0	0	0	0	0	0	0	0	0	0	0	0	0	0	0	0	0	0	0	0	0	0	0	0	0	0	0.3205	0	0	0	0	0
Streptococcus_salivarius	2|1239|91061|186826|1300|1301|1304	0.20708000000000001	1.1157700000000002	0.24545999999999998	0	0.55315	1.55962	0.09702999999999999	0.63	0.07475	0	0.7535	0.32094	0.17748	0.04003	0	0	0.43714	0.60083	1.6403	0.11024	1.8085	0.00782	3.98241	0.09577999999999999	21.035079999999997	0.0812	0	0	9.90272	0.43088000000000004	0.24309	0.01465	2.8401400000000003	0	1.36636	0	0.5523600000000001	0	0.10512	0.8043899999999999	2.67162	2.70534	0	0	0	0.61934	0.04993	5.07415	0.08607999999999999	0	1.68193	0	0.35436999999999996	0	0	0	0.14897	0.40237	0	0.06626	0	0	0.006840000000000001	0.36108	1.68745	0.36991	1.45185	0.18833	0.06359	0.47462	0.9588700000000001	0.01187	0.10388	0.09477000000000001	5.54793	0.04394	4.03525	0.0173	0.01207	0.01485	1.57155	0	0	0	0
Streptococcus_sanguinis	2|1239|91061|186826|1300|1301|1305	0	0	0	0	0	0	0	0	0	0	0	0	0	0	0	0	0	0	0	0	0	0	0	0	0.76479	0	0	0	0	0	0	0	0	0	0	0	0	0	0	0	0	0	0	0	0	0	0	0	0	0	0	0	0	0	0	0	0	0	0	0	0	0	0	0	0	0	0	0	0	0	0	0	0	0	0	0	0	0.049010000000000005	0	0	0	0	0	0	0
Streptococcus_sobrinus	2|1239|91061|186826|1300|1301|1310	0	0	0	0	0	0	0	0	0	0	0	0	0	0	0	0	0	0	0	0	0	0	0	0	0	0	0	0	0	0	0	0	0	0	0	0	0	0	0	0	0	0.49137	0	0	0	0	0	0	0	0	0	0	0	0	0	0	0	0	0	0	0	0	0	0	0	0	0	0	0	0	0	0	0	0	0	0	1.46541	0	0	0	0	0	0	0	0
Streptococcus_sp_A12	2|1239|91061|186826|1300|1301|1759399	0	0	0	0	0	0	0	0	0	0	0	0	0	0	0	0	0	0	0	0	0	0	0	0	0	0	0	0	0	0	0	0	0	0	0	0	0	0	0	0	0	0	0	0	0	0	0	0.058129999999999994	0	0	0	0	0	0	0	0	0	0	0	0	0	0	0	0	0	0	0	0	0	0	0	0	0	0	0	0	0	0	0	0	0	0	0	0	0
Streptococcus_thermophilus	2|1239|91061|186826|1300|1301|1308	0.28147	0	0	0.7896	0	1.48409	0	0.4679	1.08721	0.50551	1.9106299999999998	0	0.02364	0	14.159770000000002	0	0	0.08329	0.38482	0	0	1.19012	0	3.4076400000000002	0	0.73679	0	0	0	0	0.07645	0	0	0	0	0	0	0	2.1566799999999997	0.35273000000000004	0	0	0	0	0	0	0.9302600000000001	15.22277	2.39479	0	0	0	0.02875	0	0.06037000000000001	0	0.16617	0	0	0	0	0	0	0	0	0	1.96025	0	0	2.88322	0.08774	0	4.1483099999999995	0.32550999999999997	0.27865999999999996	0	0.20890999999999998	0.78545	0	0	2.19287	0.10895999999999999	0	0	0
Streptococcus_vestibularis	2|1239|91061|186826|1300|1301|1343	0	0	0	0	0	9.48072	0	0	0	0	0	0	0	0	0	0	0	0	0	0	0	0	0	0	0	0	0	0	0.11739000000000001	0	0	0	0	0	0	0	0	0	0	0	0	0.26693	0	0	0	0	0.06434	0	0	0	0	0	0	0	0	0	0	0	0	0	0	0	0	0	0	0	0	0	0	0	0	0	0	0	0	0	0.65405	0	0	0	0	0	0	0	0
Streptococcus_viridans	2|1239|91061|186826|1300|1301|78535	0	0	0	0	0	0.12165999999999999	0	0	0	0	0	0	0	0	0	0	0	0	0	0	0	0	0	0	0	0	0	0	0	0	0	0	0	0	0	0	0	0	0	0	0	0	0	0	0	0	0	0	0	0	0	0	0	0	0	0	0	0	0	0	0	0	0	0	0	0	0	0	0	0	0	0	0	0	0	0	0	0	0	0	0	0	0	0	0
Catabacter_hongkongensis	2|1239|186801|186802|424536|270497|270498	0	0	0	0	0	0	0	0	0	0	0	0	0	0	0	0	0.02203	0	0	0	0	0	0	0	0	0	0	0	0	0	0	0.02634	0	0	0	0	0	0	0	0	0	0	0	0	0	0	0	0	0	0	0	0	0	0	0	0	0	0	0.22257	0	0	0	0	0	0	0	0	0	0	0	0	0	0	0	0	0	0	0	0	0	0	0	0	0	0
Christensenella_minuta	2|1239|186801|186802|990719|990721|626937	0	0	0	0	0	0	0	0	0	0	0	0	0	0	0	0	0	0	0	0	0	0	0	0	0	0	0	0	0	0	0	0	0	0	0	0	0	0	0	0	0	0	0	0	0	0	0	0	0	0	0	0	0	0	0	0	0	0	0	0.043289999999999995	0	0	0.06928	0.0381	0	0	0	0	0	0	0	0	0	0	0	0	0	0	0	0	0	0	0	0	0
Butyricicoccus_pullicaecorum	2|1239|186801|186802|31979|580596|501571	0	0	0	0	0	0	0	0	0	0	0	0	0	0	0	0	0	0	0	0	0	0	0	0	0	0	0	0	0	0	0	0	0	0	0	0	0	0	0	0	0	0	0	0	0	0	0	0	0	0	0	0	0	0	0	0	0	0	0	0	0	0	0	0	0	0	0	0	0	0	0	0	0	0	0	0	0	0	0	0.16104000000000002	0	0	0	0	0
Clostridium_disporicum	2|1239|186801|186802|31979|1485|84024	0	0	0.02539	0	0	0	0	0	0	0	0	0	0	0	0	0	0	0	0	0	0	0	0	0	0	0	0	0	0	0	0	0	0	0	0	0	0	0	0	0	0	0	0	0	0.0855	0	0.10282000000000001	0	0	0.10091	0	0	0	0	0	0.37909	0	0	0	0	0	0	0.33393	0	0	0	0	0.22426999999999997	0	0.09775	0	0	0	0	0	0	0.8662200000000001	0	0	0	0	0	0	0	0
Clostridium_sp_CAG_167	2|1239|186801|186802|31979|1485|1262777	0.65856	0	0	0.32764	0	0	0.037630000000000004	0	0	0	0.31088000000000005	0	0	0	0	0	0	0	0	0	0	0	0	0	0	0	0	0	0	0	0	0	0	0	0	0	0	0	0	0	0	0	0	0	0	0	0	0	0	0	0	0	0	0	0	0	0.27524	0	0	0	0	0	0.11465	0	0	0	0	0	0	0	0	0	0	0	0	0	0	0	0	0	0	0	0	0	0
Clostridium_sp_CAG_242	2|1239|186801|186802|31979|1485|1262783	0	0	0	0	0	0	0	0	0	0	0	0	0	0	0	0	0	0	0	0	0	0	0	0	0	0	0	0	0	0	0	0	0	0	0	0	0	0	0	0	0	0	0	0	0	0	0	0	0	0	0	0	0	0	0	0	0	0	0	0	0	0	0	0	0.030289999999999997	0	0	0	0	0	0	0.016569999999999998	0	0	0	0	0	0	0	0	0	0	0	0.030639999999999997	0
Clostridium_sp_CAG_299	2|1239|186801|186802|31979|1485|1262792	0	0	0	0	0	0	0	0	0	0	0	0	0	0	0	0	0	0	0	0	0	0	0	0	0	0	0	0	0	0	0	0	0	0	0	0	0	0	0	0	0	0	0	0	0	0	0	0	0	0	0	0	0	0	0	0	0	0	0	0	0	0	0	0	0	0	0	0	0	0	0	0	0	0	0	0.11413	0	0	0.30353	0	0	0	0	0	0
Clostridium_sp_CAG_58	2|1239|186801|186802|31979|1485|1262824	0	0	0	0.009290000000000001	0	0	0	0	0.69606	0	0	0	0	0	0	0	0	0	0	0	0	0.30627	0	0	0	0	0	0	0	0	0	0	0	0	0	0	0	0	0	0	0	0.0752	0	0	0	0	0	0	0	0.03261	0.0656	0	0	0	0	0	0	0	0	0	0	0.45072	0	0	0	0	0	0.14653	0	0	0	0	0	0	0	0	0	0	0.28858	0	0	0	0.0661	0.22311999999999999	0
Clostridium_sp_CAG_964	2|1239|186801|186802|31979|1485|1262848	0	0	0	0	0	0	0	0	0	0	0	0	0	0	0	0	0	0	0	0	0	0	0	0	0	0	0	0	0	0	0	0	0	0	0	0	0	0	0	0	0	0	0	0	0.44715	0	0	0	0	0	0	0	0	0	0	0	0	0	0	0	0	0	0	0	0	0	0	0	0	0	0	0	0	0	0	0	0	0	0	0	0	0	0	0	0
Clostridium_ventriculi	2|1239|186801|186802|31979|1485|1267	0	0	0	0	0	0	0	0	0	0	0	0	0	0	0	0	0	0	0	0	0	0	0	0	0	0	0	0	0	0	0	0.0681	0	0	0	0	0	0	0	0	0	0	0	0	0	0	0	0	0	0	0	0	0	0	0	0	0	0	0	0	0	0	0	0	0	0	0	0	0	0	0	0	0	0	0	0	0	0	0	0	0	0	0	0	0
Hungatella_hathewayi	2|1239|186801|186802|31979|1649459|154046	0	0	0	0	0	0	0	0	0	0	0	0	0	0	0	0	0	0	0	0	0	0	0	0	0	0	0	0	0	0	0	0	0	0	0	0	0	0	0	0	0	0	0	1.81015	0	0	0	0	0	0	0	0	0.03671	0	0	0	0	0	0	0	0	0	0	0.01831	0	0	0	0	0	0	0	0	0	0	0	0	0.07019	0	0	0	0	0	0	0	0
Eubacterium_infirmum	2|1239|186801|186802|543314||56774	0	0	0	0	0	0	0	0	0	0	0	0	0	0	0	0	0	0	0	0	0	0	0	0	0	0	0	0	0	0	0	0	0	0	0	0	0	0	0	0	0	0	0	0	0	0	0	0	0	0	0	0	0.01253	0	0	0	0	0	0	0	0	0	0	0	0	0	0	0	0	0	0	0	0	0	0	0	0	0	0	0	0	0	0	0	0
Eubacterium_sulci	2|1239|186801|186802|543314||143393	0	0	0	0	0	0	0	0	0	0	0	0	0	0	0	0	0	0	0	0	0	0	0	0	0	0	0	0	0	0	0	0	0	0	0	0	0	0	0	0	0	0	0	0	0	0	0	0	0	0	0	0	0	0	0	0	0	0	0	0	0	0	0	0	0	0	0	0	0	0	0	0	0	0	0	0	0	0.01063	0	0	0	0	0	0	0
Intestinimonas_butyriciproducens	2|1239|186801|186802||1392389|1297617	0	0	0	0.00585	0	0	0	0	0	0	0	0	0	0	0	0	0	0.78945	0	0	0	0	0	0	0	0	0	0	0	0.01993	0	0	0	0	0	0	0	0	0	0	0	0	0	0	0	0	0	0	0	0	0	0	0	0	0	0	1.2440200000000001	0	0	0	0	0	0	0	0	0	0	0	0	0	0	0	0	0	0	0	0	0	0	0	0	0	0	0.02225	0
Lawsonibacter_asaccharolyticus	2|1239|186801|186802||2172004|2108523	0	0	0	0.0019399999999999999	0	0	0.043230000000000005	0	0	0.17945999999999998	0	0	0.14493	0	0	0	0	0	0	0	0	0	0	0	0	0	0	0	0	0	0	0	0	0	0	0	0	0	0	0	0	0	0	0.34786	0	0	0	0	0	0	0	0	0	0	0	0	0.01353	0	0	0.10845	0	0.06573999999999999	0	0	0	0	0	0	0	0	0	0	0	0	0	0	0	0	0.0645	0	0	0.09295	0	0	0
Monoglobus_pectinilyticus	2|1239|186801|186802||2039302|1981510	4.54591	0.29138000000000003	0	0.17345	0	0	0.82716	0.81301	0.253	0.99424	0	1.24406	0	0.66132	0	0	0	1.6866900000000002	0	0	0.18431	0.16232	1.0803200000000002	0	0	0	0	0	0	0.47518	1.9589900000000002	1.6536799999999998	0	0	1.20575	0.046360000000000005	0	0	0	0	0	0	0	0	0.8835	0	0	0	0.17999	0	0	0	0	0	0.01779	0	0	0.34331999999999996	0.27745	0	0	0	0.48705	0	0	1.36409	0.3148	0	0.23585	1.3119399999999999	0	0	0	0	0	0	0	0	0.1073	0	0.029189999999999997	0.43743000000000004	0	0	0
Eubacteriaceae_bacterium_CHKCI005	2|1239|186801|186802|186806||1780381	0	0	0	0	0	0	0	0	0	0	0	0	0	0	0	0	0	0	0	0	0	0	0	0	0	0	0	0	0	0	0	0	0	0	0	0	0	0	0	0	0	0	0	0	0	0	0	0	0	0	0.0072900000000000005	0	0	0	0	0	0	0	0	0	0	0	0	0	0	0	0	0	0	0	0	0	0	0	0	0	0	0	0	0	0	0	0	0	0
Eubacterium_callanderi	2|1239|186801|186802|186806|1730|53442	0	0	0	0	0	0	0	0	0	0	0	0	0	0	0	0	0	0	0	0	0	0	0	0	0	0	0	0	0	0	0	0	0	0	0	0	0	0	0	0	0	0	0	0	0	0	0	0	0	0	0	0	0	0	0	0	0	0	2.85723	0	0	0	0	0	0	0	0	0	0	0	0	0	0	0	0	0	0	0	0	0	0	0	0	0	0
Eubacterium_dolichum_CAG_375	2|1239|186801|186802|186806|1730|1263076	0	0	0	0	0	0	0	0	0	0	0	0	0	0	0	0	0	0	0	0	0	0	0	0	0	0	0	0	0	0	0	0	0	0	0	0	0	0	0	0	0	0	0	0	0	0	0	0	0.0033799999999999998	0	0	0	0	0	0.016380000000000002	0	0	0	0	0	0.13535999999999998	0	0	0	0	0	0	0	0	0	0	0	0	0	0	0	0	0	0	0.06629	0	0	0	0	0
Eubacterium_eligens	2|1239|186801|186802|186806|1730|39485	0.08835	0.24514	0	0	0	0	0.00323	0.24347	0	0	0.6642600000000001	0	0	0	0	0	0	0	0	0	0.12608	0	0	0	0	0	0	0	0	0	0.27664	0	0.1939	0	0.0033399999999999997	0	0.05019	0	0	0	2.83288	0	0	0	1.00937	0	0	0	0	0	0	0	0	0	0	0	0	0	0	0.09765	0	0	0.03224	0	0	0	0.15228	0.54699	0	0	0	0	0	0	0.02075	0	0	0	0.14852	0	0	0	0	2.47925	0
Eubacterium_hallii	2|1239|186801|186802|186806|1730|39488	3.0243599999999997	15.96429	5.2784699999999996	0.74342	9.17712	0.35075	0.35444000000000003	6.77358	0.54482	6.61608	3.47718	3.95135	0.07477	0.33468000000000003	3.34977	6.0769400000000005	4.09629	0.61457	5.35456	0	4.6739	5.47095	4.765	6.89244	0	0	0	0.1296	0.08294	3.42066	12.178360000000001	4.89308	4.2405	0	4.78391	2.04389	0.56183	0	0	5.19166	3.77377	0.38363	0	0	0.5181	3.12217	3.28381	2.14494	5.61448	2.9192	0	0	0.05432000000000001	0	8.78928	0.55524	1.75787	0	0	1.18266	12.56565	4.32199	0.3072	0	0	4.605919999999999	0	1.51741	4.14644	4.20222	2.2526900000000003	0.09551	0.11051	4.53357	1.42628	7.28745	0	5.468719999999999	0.9027299999999999	6.392180000000001	4.92173	0.87379	0.08837	1.58923	0
Eubacterium_limosum	2|1239|186801|186802|186806|1730|1736	0	0	0	0	0	0	0	0	0	0	0	0	0	0	0	0	0	0	0	0	0	0	0	0	0	0	0	0	0	0	0	0	0	0	0	0	0	0	0	0	0	0	0	0	0	0	0	0	0	0	0	0	0	0	0	0	0	0	0	0	0	0	0	0.06927	0	0	0.22716999999999998	0	0	0	0	0	0	0	0	0	0	0	0	0	0	0	0	0	0
Eubacterium_ramulus	2|1239|186801|186802|186806|1730|39490	0.02818	0.4614	0	0.08661	0.8317899999999999	0.28668000000000005	0.04712	0	0	0	0.01806	0.038239999999999996	0.05087	0	0	0	0	0.25527	0	0	1.28849	0.21527	0	0.86792	0	0	0	0	0	0	0	0	0.22034	0	0.8953200000000001	0	0	0	0	0	0	0	0	0	0.08197	0	0.056139999999999995	0	0.34273000000000003	0.21735	0	0	0	0	0	0	0	0	0.23406999999999997	1.34281	0.80219	0	0	0.053279999999999994	0.20548000000000002	0.16858	0.26037	0	2.40251	0	0	0	0	0.0313	0.2052	0.19785999999999998	0	0	0	0	0.1908	0.24645	0.20686999999999997	0.23876999999999998	0
Eubacterium_sp_CAG_180	2|1239|186801|186802|186806|1730|1262882	0	0	0	0	0	0	0	0.38595	0	0	0	0	0	0	0	15.91814	0	0	0	0	0.449	29.665190000000003	0	0	0.54648	0	0	0	0.47541000000000005	0	0	0	0	0	0	11.36528	0	0	0	0	6.46405	0	0	0	0	0	0.25856	0	0	0	0	0	0	0	1.02052	0	0	0	0.5928399999999999	0	1.5314299999999998	0	0	7.6315800000000005	0	0	0	0	0	0	0	0	0	0	0	0	0	0	0	0	0	0	0	3.05934	0
Eubacterium_sp_CAG_251	2|1239|186801|186802|186806|1730|1262886	0	0	0	0	0	0	0	0.5541	0	0	0	0	0	0	0	0	0	0	0	0	0	0	0	0.1543	0	0	0	0	0	14.511239999999999	0	0	0	0	0	0	0	0	0	0	0	0	0	0	2.35915	0	0	0	0	2.83705	0	0	0	0	0	0	2.58839	0	0	0	0	0	0	0	0	7.06791	3.6171800000000003	1.78761	0	0	0	0	0	0	0	0	0	0	0	0	0	1.79805	0	0	0
Eubacterium_sp_CAG_274	2|1239|186801|186802|186806|1730|1262888	0	0	0	0	0.06934	0	0	0	0	0	0	0	0	0	0	0	0	0	0	0	0	0.15966	0	0	0	0	0	0	0	0	0	0	0	0	0	0	0.1403	0	0	0	0	0	0	0	0	0	0	0	0	0.17679	0.050710000000000005	0	0	0	0	0	0	0	0	0	0	0	0	0	0	0	0	0	0	0	0	0	0	0	0	0	0	0	0	0	0	0	0	0.08127999999999999	0
Eubacterium_sp_CAG_38	2|1239|186801|186802|186806|1730|1262889	0	0	0	0.09408	0	0	0	0	0	0	0	0	0	0	0	0	0	0.41098999999999997	0	0	0	0	0	0	0	0	0	0	0	0	0	0	0	0	0	0	0	0	0	0	0	0	0	0	0.05867000000000001	0	0	0	0.08122	0.06093	0.19727	0	0	0	0	0	0	0	0	0	0	0	0	0	0	0	0	0	0	0	0	0	0	0	0	0	0	0	0	0	0	0	0	0.17249	0
Eubacterium_sp_OM08_24	2|1239|186801|186802|186806|1730|2292352	0	0	0	0	0	0	0	0	0	0	0	0	0	0	0	0	0	0	0	0	0	0	0	0.0911	0	0	0	0	0	0	0	0	0	0	0	0	0	0	0	0	0	0	0	0	0	0	0	0	0	0	0	0	0	0	0	0	0	0	0	0	0	0	0	0	0	0	0	0	0	0	0	0	0	0	0	0	0	0	0	0	0	0	0	0	0
Eubacterium_ventriosum	2|1239|186801|186802|186806|1730|39496	0	0.06391000000000001	0	0	0	0	0.11185	0	1.0284799999999998	0	0	0	0	0	0	0	0	0	0	0	0.12534	0	0	0	0	0	0	0	0	0.055510000000000004	0	0	0	0	0	0	0	0	0	0	0	0	0	0	0.25514000000000003	0	0	0	0	0	0	0	0	0	0	0	0	0	0	0	0	0	0.08739	0	0	0.04349	0.01105	0	0	0	0.52409	0.06552000000000001	0	0	0	0	0	0	0.30635999999999997	0	0	0.27642	1.04729	0	0
Anaerostipes_hadrus	2|1239|186801|186802|186803|207244|649756	1.38046	8.96744	3.17172	2.20285	6.38015	3.97339	1.9805599999999999	11.65512	6.07806	12.16062	9.571019999999999	3.7477099999999997	0.14175	2.58097	17.40129	0.25082	0.65828	10.21868	1.12185	9.70507	4.37407	8.6432	3.15535	48.417640000000006	14.448020000000001	11.294839999999999	0	0.65284	0	5.06893	10.83693	0.66076	6.42846	0	37.78517	0.07956	5.1083300000000005	0	0	12.96957	29.029059999999998	12.519689999999999	0	3.9771199999999998	1.46041	8.323189999999999	29.96185	0	2.57318	4.53642	2.3002700000000003	0	6.44318	0	2.29337	1.1525299999999998	0.61668	7.7059	0.67501	9.808819999999999	15.358279999999999	6.891089999999999	2.3490599999999997	2.21735	45.0924	8.042539999999999	8.07081	1.09819	3.6116300000000003	0.58977	0.85735	0.91476	14.258379999999999	3.12584	8.439910000000001	8.90269	12.128910000000001	8.21241	0.56496	1.22059	4.45137	3.3598199999999996	1.61337	4.3403599999999996	0
Anaerotignum_lactatifermentans	2|1239|186801|186802|186803|2039240|160404	0	0	0	0	0	0.02018	0	0	0.8313200000000001	0	0	0.0603	0	0	0	0	0.14723	0	0	0	0	0	0	0	0	0	0	0	0	0	0	0	0	0	0	0	0	0	0	0	0	0	0	0	0	0	0	0	0	0	0.02302	0	0	0	0	0	0	0	0	0	0	0	0	0	0.20536999999999997	0	0	0	0	0	0	0	0	0	0	0	0	0	0.8282	0	0	0	0.0518	0	0
Blautia_coccoides	2|1239|186801|186802|186803|572511|1532	0	0	0	0	0	0.08709	0	0	0	0	0	0	0	0	0	0	0	0	0	0	0	0	0	0	0.17304	0	0	0	0	0	0	0	0	0	0	0	0	0	0.13626	0	0	0	0	0	0	0	0	0	0	0	0	0	0	0	0	0	0	0	0	0	0	0	0	0.03971	0	0	0	0	0	0	0	0	0	0	0	0	0	0	0	0	0	0	0	0	0
Blautia_hansenii	2|1239|186801|186802|186803|572511|1322	0	0	0	0	0	1.03121	0	0	0.62741	0	0	0	0	0	0	0	0	0	0	0	0	0	0	0.28763	0	0	0	0	0	0	0	0	0	0	0	0	0	0	0.84644	0	0	0	0	0	0	0	0	0	0	0	0	0	0.71309	0	0	0	0	0	0	0	0	0.23469	0	0	0	0	0.1693	0	0	0	0	0	0	0	0	0	0	0.13784000000000002	0	0.14620999999999998	0	0	0	0	0
Blautia_hydrogenotrophica	2|1239|186801|186802|186803|572511|53443	0	0	0	0	0	0	0	0	0	0	0	0.4177	0	0	0	0	1.08902	0.44781000000000004	0	0.00227	0	0	0	0	0	0	0	0	0	0	0.32486	0	0	0	0.0445	0	0	0	0	0	0	0.73351	0	0	0	0	0	0.26757	0.53609	0	0	0	0	0	0.12542	0	0	0	0.25935	0	0	0	0	0	0	0	0.16405	0	0.83959	0	0	0	0.04687	0	0	0	0	0	0.00771	0	0.08236	0	0	0	0
Blautia_obeum	2|1239|186801|186802|186803|572511|40520	0.6199600000000001	0.7601	0.9960399999999999	0.2828	1.78893	1.63381	0.44378999999999996	0.9851700000000001	0.50012	4.42425	1.11409	3.04407	0	0.31958000000000003	0	14.1066	2.27906	3.3590800000000005	0	0	2.41292	6.125380000000001	1.1520299999999999	0.01929	10.6295	0	0	1.7361799999999998	0.11715999999999999	1.15675	3.7921699999999996	5.68896	0.95409	0	4.488	0	1.80237	0	0	6.813210000000001	2.16815	0	0	22.88039	1.03169	0.16236	3.36849	11.069989999999999	1.05209	0.42408999999999997	0	0	1.8232099999999998	0	0	1.8384099999999999	6.686780000000001	1.55948	6.14644	0.49993999999999994	1.17801	0	6.7340100000000005	0	3.93402	3.15123	0.02541	0.51313	0.7054699999999999	2.0149	3.4039300000000003	0.65983	0	1.05505	0	0	0	0	0.69638	0	2.40823	1.31548	0.38505	0.95462	0
Blautia_producta	2|1239|186801|186802|186803|572511|33035	0	0	0	0	0	0.00938	0	0	0	0	0	0	0	0	0	0	0.05996	0	0	0	0	0	0	0.13921	0	0	0	0	0	0	0	0	0	0	0	0	0	0	0.23601	0	0	0.0032700000000000003	0	0.58225	0	0	0	0	0	0	0	0	0	0	0	0	0	0	0.59063	0	0	0	0	0.5212	0	0	0	0	0	0	0	0	0	0	0	0	0	0.03395	0	0	0	0	0	0	0
Blautia_sp_CAG_257	2|1239|186801|186802|186803|572511|1262756	0	0	0	0	0	0.17804	0	0.07211000000000001	0.33394	0.75842	0	0	0	0	0	0	0	0	0.16355	0.77722	0	0	0	0.68906	8.627139999999999	1.78184	0	0	0	0	0.60428	0	0	0	0.14173	0	0.00381	0	34.32809	0	0	0.58503	0	0	0	0	0	0.17222	1.14206	0	0.015309999999999999	0	0.26150999999999996	0	0.31177	0	0	0.032260000000000004	0.7348	0	0.1607	2.20417	0.07042999999999999	0.13022999999999998	3.51842	0	0	0	0	0	0	0.49765	0.83645	0	0	2.51497	1.01747	48.9418	0.1485	0	0	0.06995	0	0	0
Blautia_sp_N6H1_15	2|1239|186801|186802|186803|572511|1912897	0	0	0	0	0	0	0	0	0	0	0	0	0	0	0	0	0	0	0	0	0	0	0	0	0	0.07486	0	0	0	0	0	0	0	0	0	0	0	0	0	0	0	0	0	0	0	0	0	0	0	0	0	0	0	0	0	0	0	0	0	0	0	0	0	0	0	0	0	0	0	0	0	0	0	0	0	0	0	0	0.38669000000000003	0	0	0	0	0	0
Blautia_wexlerae	2|1239|186801|186802|186803|572511|418240	2.21833	0.6927800000000001	0.17587	0.42963999999999997	10.72667	11.445210000000001	0.09312000000000001	16.70093	13.78181	3.39069	2.0827299999999997	2.20189	0.46082	0.08767	9.002310000000001	1.15201	0.30587	1.0948	1.80709	14.596160000000001	1.7868	0.66897	1.9541400000000002	5.98714	9.26273	19.20789	0	1.29146	5.90986	0.41373000000000004	6.264530000000001	0.56882	1.01214	0	2.28932	0.55847	14.356060000000001	0	20.387220000000003	1.05073	3.33983	30.087359999999997	0	0	0	0.48147	6.693989999999999	1.8436700000000001	0.24459	0.53647	6.08055	0	4.50165	0	47.71737	0.5108600000000001	0.07872	0.03063	0.08449	0.84877	0	15.09133	0.13940999999999998	0.41585	4.375780000000001	0.82925	3.53157	0.07297999999999999	1.70576	0.34331	3.59795	0.8649100000000001	13.3246	6.61534	24.40643	28.750909999999998	11.146519999999999	2.0341	0.53814	6.20567	0.62297	0.9288200000000001	1.98968	1.9929700000000001	0
Ruminococcus_gnavus	2|1239|186801|186802|186803|572511|33038	0	0	0	0	0	0.028130000000000002	0	0.56316	3.8002599999999997	0.19989	0	0	0	0	0	0	0.51555	0.831	0	9.815380000000001	0	0	0	2.7619700000000003	0	0.97834	0	0	0	0	1.09775	0	0	0	0	0	1.7179799999999998	0	7.714989999999999	0.01415	0	0.21789	0	2.40864	0	0	0.020640000000000002	0	1.94025	0.97341	0.28648	0	1.21569	0	0.17224	0	0.56466	0.11771	0	0	0.41211000000000003	0.8962	0.02157	28.8521	0.6076699999999999	0	0	0.305	0.22468000000000002	11.41109	0	1.01499	1.59795	0	0.6908	0.8334799999999999	1.95892	10.91034	0.42099	2.64845	0	4.38974	0	0	0
Ruminococcus_torques	2|1239|186801|186802|186803|572511|33039	0.54384	5.52407	5.44412	0.27974	24.11105	0	1.25614	0	0	0	8.88748	5.96606	4.69386	1.01063	0.67372	0.1054	0	0	2.021	0	11.17742	3.0091099999999997	1.9302400000000002	10.95176	0	0	0	1.72302	0	2.27176	9.38256	2.48935	8.558	0	2.34187	0	0	0	0	5.72316	2.5479700000000003	0	0	0	0.86165	1.01595	3.94743	1.9601099999999998	5.57578	3.68019	0	0	37.54246	0	1.01409	1.14516	1.07368	5.51122	0	0.72717	13.94781	0	2.6063099999999997	0	0	9.03862	0	0	12.91315	9.64242	2.7555400000000003	0	0	7.59381	1.9606599999999998	10.155610000000001	0	0	0	12.23344	2.90285	2.39312	2.0089599999999996	0.47078000000000003	0
Butyrivibrio_crossotus	2|1239|186801|186802|186803|830|45851	0	0	0	0	0	0	0	0	0	0	0	0	0	0	0	0	0	0	0	0	0	0	0	0	0	0	0	0	0	0	0	0.57167	0	0	0	0	0	0	0	0	0	0	0	0	0	0	0	0	0	0	0	0	0	0	0	0	0	0	0	0	0	0	0	0	0	0	0	0	0	0	0	11.99958	0	0	0	0	0	0	0	0	0	0	0	0	0
Butyrivibrio_sp_CAG_318	2|1239|186801|186802|186803|830|1262761	0	0	0	0	0	0	0	0	0	0	0	0	0	0	0	0	0	0	0	0	0	0	0	0	0	0	0	0	0	0	0	0	0	0	0	0.27574	0	0	0	0	0	0	0	0	0	0	0	0	0	0	0	0	0	0	0	0	0	0	0	0	0	0	0	0	0	0	0	0	0	0	0	0	0	0	0	0	0	0	0	0	0	0	0	0	0
Coprococcus_catus	2|1239|186801|186802|186803|33042|116085	1.45848	2.88198	0.9312799999999999	0.57492	0	0	0.31716	0	0	0	1.42934	0	0	0.23431999999999997	0	1.15016	0	0	0	0	0	2.18967	0	0	0	0	0	0	0	0	0	0	0.00852	0	0	0.85277	0.65673	0	0	0.040839999999999994	0	0.53547	0	0	1.90524	0	0.039560000000000005	0	1.3524399999999999	0.5628	0.13426	0	0	0	0	0.23781999999999998	0	0	3.63004	0	0.40891	0.9127700000000001	0.37289	0	0	2.77093	0	0.77203	0	1.07774	1.4311200000000002	0	0	0.73439	0	0	0	0	0	0.01031	1.3493600000000001	0	0.43746	0.42765	0
Coprococcus_comes	2|1239|186801|186802|186803|33042|410072	2.4910099999999997	3.07247	0.6453	0.57605	0.93975	0	0.00503	0	3.6285300000000005	0	3.52089	5.07105	0.32547	0	0	0	12.67783	0	3.63325	0	3.96314	0	2.17636	0.31758000000000003	0	0	0	0.99272	0.64267	5.54465	0	0.06473999999999999	2.23513	0	0	1.07079	0	0	0	3.6545099999999997	0.89841	5.16135	0	0	0.33976	0	1.11897	0	8.24345	1.6116700000000002	12.16768	0	3.3854900000000003	0	0	0	0.28713	6.037000000000001	0	3.7483699999999995	1.51485	2.55642	0	1.25339	7.4466600000000005	8.184330000000001	1.2570000000000001	0.32392	4.9038900000000005	13.71463	3.00639	0	3.1497	0.84104	0.33776999999999996	1.23769	0	0.30104000000000003	0.32059	0.00474	1.09159	1.51691	0	1.05556	0
Coprococcus_eutactus	2|1239|186801|186802|186803|33042|33043	2.1056	0	0	0	0	0	0	0	0	0	5.9252199999999995	0	0	0	0	1.7760900000000002	0	0	0	0	0	0	0	0	0	0	0	0	0	0.8567799999999999	0	0	0	0	0	0	0	0	0	0	0	0	0	0	8.1157	0	0	0	0	0	0	0	0	0	0	0.54467	7.14008	0	0	0	0	0	0.24733000000000002	0	0	0	0	0	0	0	2.78671	0	0	0	0	0	0	0	0	0	0.09501	0	0	0	0
Dorea_formicigenerans	2|1239|186801|186802|186803|189330|39486	1.6701700000000002	1.20933	1.3270600000000001	0.40010999999999997	2.40358	0.3819	0.42483999999999994	0.8076300000000001	0.16718	0	1.32246	0.4511	0	0.20626	0	0.10962000000000001	0	2.79997	0.26981	0	0.21358000000000002	0.14662999999999998	0.5138199999999999	2.58834	0	0	0	0	0.31134	0	1.37361	0.77076	0.38426	0	2.07326	0.11200999999999998	3.73178	0	0	1.10843	0.09274	1.12332	0	3.7225599999999996	0	0	0.21224	0	0.28481999999999996	0.07781	0	0	0.7185199999999999	0	0.8146800000000001	0.76141	0.08882000000000001	1.21652	0.45211999999999997	1.96334	0	0	0.63513	0	1.77768	0.95131	1.08525	0.58921	1.8817599999999999	0.85011	0.65227	0.28465	0	1.7261900000000001	0.55389	1.17006	0.6206	0	0.45687	0.046419999999999996	0.7127399999999999	0.33453	0.65758	0.07681	0
Dorea_longicatena	2|1239|186801|186802|186803|189330|88431	3.32599	2.39111	2.71291	0.99271	4.31272	4.060569999999999	0.19692	0	0	0	4.4019	1.74747	0	0.13905	4.25714	0	0	0	2.35944	0	9.677669999999999	0.55211	2.1291599999999997	0.86266	2.61502	11.65615	0	4.9154	2.9542200000000003	0	0	1.79162	1.4239	0	1.9644700000000002	1.74899	2.8218900000000002	0	0	4.969040000000001	9.62072	0	0	0	0	3.60585	1.08831	11.92497	4.22558	0.81206	0	0	1.6224399999999999	0	2.43349	1.64284	0.32283	6.46945	0	9.67784	0	0	0	10.679969999999999	7.642	8.76351	1.8517400000000002	2.2062	3.72759	10.00034	0	0	0	6.1454	9.90588	2.80131	0.6523800000000001	0.01344	1.28129	2.30976	6.02422	3.4789999999999996	2.51483	1.2590299999999999	0
Dorea_sp_CAG_317	2|1239|186801|186802|186803|189330|1262873	0	0	0	0	0	0	0.14034000000000002	0	2.52468	2.08898	1.6539400000000002	0	0.09367	0	0	0.10343	3.49321	4.916180000000001	0	1.10103	0	2.61973	0	0.08225	0	0	0	0	0	1.72885	0.42073999999999995	0	0	0	0.99326	0	0	0	0	0	0	0.49733999999999995	0	0	0	0	0	0	0	0	0.10511	0	0	0	1.31516	0	0	0	0.02531	0	2.80328	0.9908399999999999	2.8483	0	0	0	0.09921	0.02528	0	0	0.15112	0.48568	0.14977000000000001	0.048389999999999996	0.05167000000000001	0.098	0	2.73854	0	0	0	0.10765	0	0	0
Dorea_sp_D27	2|1239|186801|186802|186803|189330|658665	0	0	0	0	0	0	0	0	0	0	0	0	0	0	0	0	0	0	0	0	0	0	0	0	0	0	0	0	0	0	0	0	0	0	0	0	0	0	0	0	0	0	0	1.0955	0	0	0	0	0	0	0	0	0	0	0	0	0	0	0	0	0	0	0	0	0	0	0	0	0	0	0	0	0	0	0	0	0	0	0	0	0	0	0	0	0
Eisenbergiella_massiliensis	2|1239|186801|186802|186803|1432051|1720294	0	0	0	0	0	0	0	0	0	0	0	0	0.01183	0	0	0	0.17067000000000002	0	0	0	0	0	0	0	0.04289	0	0	0	0	0	0.01627	0.06572	0	0	0	0	0	0	0	0	0	0	0	0	0	0	0	0	0	0	0	0	0	0	0	0	0	0	0	0	0	0.13813	0	0.0338	0.16339	0	0	0.059320000000000005	0	0	0.17427	0	0	0	0	0.46143999999999996	0	0	0	0	0	0	0	0	0
Eisenbergiella_tayi	2|1239|186801|186802|186803|1432051|1432052	0	0.2827	0	0	0	0	0	0	0	0	0	0.02159	0	0	0	0	0.19810999999999998	0	0	0	0	0	0	0	0	0	0	0	0	0	0	0	0	0	0	0	0	0	0	0	0	0	0	0	0	0	0	0	0	0	0	0	0	0	0	0	0.04753	0	0	0.12997	0	0	0	0	0	0	0	0	0	0	0	0	0	0	0	0	0.13824	0	0	0	0	0	0	0	0
Fusicatenibacter_saccharivorans	2|1239|186801|186802|186803|1407607|1150298	0.75007	8.58119	6.82915	1.86412	14.26385	12.80919	1.03732	0	7.34738	6.06079	3.23293	31.29999	0.1362	0.69493	1.41076	0	3.3124800000000003	10.97595	0.28285	0	5.9477400000000005	8.534980000000001	4.60275	4.16605	5.67307	6.558339999999999	0	2.6831099999999997	0	19.68141	3.55398	1.02639	16.01141	0	3.7941800000000003	2.66723	10.35952	0	9.475610000000001	4.43136	1.13894	1.16469	0	0	1.3090000000000002	0	2.54753	0	33.79647	3.4831199999999995	2.53935	0	1.07154	0	12.76393	0.93465	2.54366	4.55005	0.16543	2.70945	5.57926	5.08303	2.93947	0	8.9333	12.23483	0.10565999999999999	7.37268	28.46009	2.22535	4.05462	0	12.70368	27.434890000000003	16.96255	1.7124099999999998	0	1.87163	2.6141099999999997	2.19782	5.5465800000000005	3.7985300000000004	5.98975	2.08277	0
Clostridium_aldenense	2|1239|186801|186802|186803|1506553|358742	0	0	0	0	0	0	0	0	0	0	0	0	0	0	0	0	0	0	0	0	0	0	0	0	0	0	0	0	0	0	0	0	0	0	0	0	0	0	0	0	0	0	0	1.98642	0	0	0	0	0	0	0	0	0	0	0	0	0	0	0	0	0	0	0	0	0	0	0	0	0	0	0	0	0	0	0	0	0	0	0	0	0	0	0	0	0
Clostridium_bolteae	2|1239|186801|186802|186803|1506553|208479	0	0	0	0	0	0	0	0	0	0	0	0	0	0	0	0	0.15247	0	0	0.04584	0	0	0	0	0	0	0	0	0	0	0	0	0	0	0	0	0	0	0	0	0	0	0	0	0	0	0	0	0	0	0	0	0.07751	0	0	0	0	0	0	0	0	0.02246	0	0.008879999999999999	0	0	0	0	0	0	0	0	0	0	0	0	0.7317899999999999	0	0	0	0	0	0	0	0
Clostridium_clostridioforme	2|1239|186801|186802|186803|1506553|1531	0	0	0	0	0	0	0	0	0	0	0	0	0	0	0	0	0	0	0	0	0	0	0	0	0	0	0	0	0	0	0	0	0	0	0	0	0	0	0.10054	0	0	0	0	0	0	0	0	0	0	0	0	0	0	0	0	0	0	0	0	0	0	0	0	0.00372	0	0	0	0	0	0	0	0	0	0	0	0	0	0	0	0	0	0	0	0	0
Clostridium_hylemonae	2|1239|186801|186802|186803|1506553|89153	0	0	0	0	0	0	0	0	0	0	0	0	0	0	0	0	0	0	0	0	0	0	0	0	0	0	0	0	0	0	0	0	0	0	0	0	0	0	0	0	0	0.07267	0	0	0	0	0	0	0	0	0	0	0	0	0	0	0	0	0.030610000000000002	0	0	0	0	0	0	0	0	0	0	0	0.046060000000000004	0	0	0	0	0	0	0	0	0	0	0	0	0	0
Clostridium_saccharolyticum	2|1239|186801|186802|186803|1506553|84030	0	0	0	0	0	0	0	0	0	0	0	0	0.0016300000000000002	0	0	0	0	0	0	0	0	0	0	0	0	0	0	0	0	0	0	0	0	0	0	0	0	0	0	0	0	0	0	0	0	0	0	0	0	0	0	0	0	0	0	0	0	0	0	0	0	0	0	0	0	0	0	0	0	0	0	0	0	0	0	0	0	0	0	0	0	0	0	0	0
Clostridium_scindens	2|1239|186801|186802|186803|1506553|29347	0	0	0	0	0	0	0	0	0	0	0	0	0.13467	0	0	0	0.25785	0	0	0	0	0	0	0	0	0	0	0	0	0	0	0	0	0	0	0	0	0	0.25568	0	0	0.24151	0	0	0	0	0	0.31581	0	0	0	0	0.025480000000000003	0	0	0	0	0.38461	0.030930000000000003	0	0	0	0	0.02888	0	0	0	0	0	0	0	0	0.007359999999999999	0	0	0	0	0.20605	0	0	0	0	0	0	0
Eubacterium_rectale	2|1239|186801|186802|186803||39491	4.93486	0.03224	16.66789	8.72133	5.32174	5.43682	0	0	29.12422	14.64499	14.25286	2.4868200000000003	1.42733	0	8.28712	0.69704	5.803719999999999	4.7412	5.2489	0	9.19973	0.7370800000000001	6.6551800000000005	0	0	0	0	0	0	1.8748799999999999	12.15282	0.00983	11.934280000000001	0	1.46515	5.48105	20.10132	0	0	5.27361	0	17.37153	0	0	0	0	2.8828	0.68704	2.10518	2.22853	5.1434	0	0.8746299999999999	0	6.05728	0.36891999999999997	4.96099	1.3840700000000001	0	0.04411	0	0	0.83054	0	4.05759	0.03581	0	9.06437	2.72852	0.31084	6.43888	0.6904	23.133229999999998	1.8315599999999999	0	1.00501	0.43026000000000003	0.09535	38.69148	0.26202	7.438610000000001	2.14794	39.43473	5.917590000000001	0
Lachnospiraceae_bacterium_2_1_46FAA	2|1239|186801|186802|186803||742723	0	0	0	0	0	0	0	0	0	0	0	0	0	0	0	0	0	0	0	0	0	0	0	0	0.7256100000000001	0	0	0	0	0	0	0	0	0	0	0	0	0	0	0	0	0	0	0	0	0	0	0	0	0	0	0	0	0	0	0	0	0	0	0	0	0	0	0	0	0	0	0	0	0	0	0	0	0	0	0	0	0	0	0	0	0	0	0	0
Lachnospira_pectinoschiza	2|1239|186801|186802|186803|28050|28052	0.00201	0.030719999999999997	0	0.11823	0	0	0	0	0	0	0	0	0.019880000000000002	0	0	0	0	0	0	0.01549	0.22938000000000003	0	0	0.28884	0	0	0	0	0	0	0	0	0	0	0	0	0	0	0	0	0.40273000000000003	0	0	0	0	0	0.04286	0	0	0	0	0	0	0	0	0	0	0	0	0	0	0	0	0	0	0	0	0	0	0	0.3138	0	0	0	0	0	0	0	0.14844000000000002	0.24141999999999997	0	0.021169999999999998	0	0.057510000000000006	0
Roseburia_faecis	2|1239|186801|186802|186803|841|301302	0.08413	8.7856	2.86282	0	0	0	0	0.09526	0	0.01915	0.9900899999999999	0.08943999999999999	0	0	0	0	0	0	0	0	1.4121	0.31523	0.08292999999999999	0	0	0.00485	0	0.14574	0	0	0	0.22303	0	0	0.44533999999999996	7.46586	0	0	0.49883	0	0	0	0	11.01575	0.9606600000000001	0.8262299999999999	0	0	1.02599	0.046669999999999996	0.65499	0	0	0	0	0.5807100000000001	0	0.7742399999999999	0	0.56624	3.33466	5.55261	0.08023	0	0	0.0644	0.36717	1.5969	0	0.9036	0	2.1042400000000003	0.13552999999999998	0	1.32423	0	0	0	0.89654	0.2214	2.02018	2.2048099999999997	2.49001	5.82025	0
Roseburia_hominis	2|1239|186801|186802|186803|841|301301	2.83727	0.043089999999999996	0.10800000000000001	0.03909	0	0.01907	0	0.1434	2.47873	1.09182	0.55933	1.53132	3.92899	0	0	0	0.38498000000000004	3.55189	0.15916	0	4.27422	1.6697400000000002	0.98601	0	0	0	0	0	0	0.36175	3.9495199999999997	0	1.11915	0	0.13828	0	0	0	0	0	0.71267	0.0616	0	0	0.11625999999999999	0.02289	0	0	0.013359999999999999	0.06584	0.5221600000000001	0	0	0	0	1.7605	1.47638	0.49073999999999995	0.77666	9.58527	0	5.85424	0.27557	0	0	0.9361799999999999	0.05554	0.65941	0	0	3.16779	2.22522	0	0.19772	0	0	0	0	0.15400999999999998	0	13.74361	1.16011	0	0.13203	0
Roseburia_intestinalis	2|1239|186801|186802|186803|841|166486	1.00496	0.01006	0.60595	0	0	0.1161	0	0.0326	0.11664000000000001	1.49055	0.26971	0	0	0	0	1.52081	0	0.0058	0	0	0.0283	0.3312	0	0	0.12105	0	0	0	0	0.05438	0	0	0	0	0.15118	0	0	0	0.5195	0.9477200000000001	0.29519	0	0	0	0.55584	0	0	0.62053	0.90459	0.04358	0.47611000000000003	0	0	0	0	0	0.04978	0.14769000000000002	0	0	0	0	0.08517000000000001	0	0.81723	0.09245	0	0.8892	0	0	2.18716	1.9196799999999998	0	0.36411	0	0	0	0	0.58023	0	0.6268600000000001	0.20936	0.79748	0.11575999999999999	0
Roseburia_inulinivorans	2|1239|186801|186802|186803|841|360807	0.47827	0.18183	0.16449	0	0	0	0	0.0995	0	1.75069	0.27376999999999996	0	0.06434	0	0	0	0.8727600000000001	1.93005	0	0	0	0	0	0.058660000000000004	0	0	0	0	0	0	0	0	0	0	0	0.022019999999999998	0	0	0	1.71638	0	0	0	0	0	0	0	0	0.1102	0.8235	1.04253	0	0	0	0	0.31094	0.04007	0	0	0	0.16467	0	0.00963	0	0	0	0.03533	0.9275399999999999	0	0.06633	0.08088	0.13117	0	0.09079	0.37753000000000003	0.60248	0	0	1.5054100000000001	0	0.08273	1.63106	0.9450700000000001	0.13743	0
Roseburia_sp_CAG_182	2|1239|186801|186802|186803|841|1262942	0	0	0	0	0	0	0	0	0	0	0	0	0	0	0	0	0	0	0	0	0	0	0	0	0	0	0	0	0	0	0	0	0	0	0	0	0	0	0	0	0	0	0	0	0.08577	0	0	0	0	0	0	0	0	0	0	5.169569999999999	0	0	0	0	0	0	0	0	0	0	0	0	0	0	0	0	0	0	0	0	0	0	0	0	0	0	0	0	0
Roseburia_sp_CAG_303	2|1239|186801|186802|186803|841|1262944	0	0	0	0	0	0	0	0	0	0	0	0	0	0	0	0	0	0	0	0	0	0	0	0	0	0	0	0	0	0	0	0	0	0	0	0	0	0	0	0	0	0	0	0	0	0	0	0	0	0	0	0	0	0	0	0	0	0	0	0	0	0	0	0	0	0	0.01681	0	0	0	0.5824699999999999	0	0	0	0	0	0	0	0	0	0	0	0	0	0
Roseburia_sp_CAG_471	2|1239|186801|186802|186803|841|1262948	0	0	0	0.9459700000000001	0	0	0.65015	0	0	0	0	0	0	0.46981000000000006	0	0	0	0.0051	0	0	2.3249400000000002	0	0.877	0	0	0	0	0	0	0	0	0	4.8345199999999995	0	0	0	0	0	0	0	0	0	0	0	0	0	0	0	0	0	0	0	0.41825	0	0	0	0	0.0064	0	0	0	0	0.17935	0	0.01574	0	3.18935	0.23015	0.0085	0.01272	0	0	0	0	0	0	0	0.0019100000000000002	0	0	0.0016600000000000002	0.8613	0	0	0
Sellimonas_intestinalis	2|1239|186801|186802|186803|1769710|1653434	0	0	0	0	0	0.32131	0	0	0	0	0	0	0	0	0	0	0.31540999999999997	0.36086999999999997	0	0.04371	0	0	0	0	0	0	0	0	0	0	0	0	0	0	0	0	0	0	0	0	0	0	0	0	0	0	0	0	0	0	0.19239	0	0.30551	0	0	0	0	0	0	0	0	0	0.10529000000000001	0	0	0.12192	0	0	0	0	0	0	0	0	0	0	0	0	0	0	0	0	0	0	0
Tyzzerella_nexilis	2|1239|186801|186802|186803|1506577|29361	0	0	0	0	0	0	0	0	0	0	0	0	0	0	0	0	0	0	0	0	0	0	0	0	0	0	0	0	0	0	0	0	0	0	0	0	0	0	0.17585	0	0	0	0	0	0	0	0	0	0	0	0	0	0	0	0	0	0	0	0	0	0	0	0	0	0.41805	0	0	0	0	0	0	0	0	0	0	0	0	0	0	0	0	0	0	0	0
Oscillibacter_sp_57_20	2|1239|186801|186802|216572|459786|1897011	0.044489999999999995	0.07417	0	0	0	0	0.12579	0	0	0	0.14484	0	0	0	0	0	0	0	0.08556	0	0	0	0	0	0	0	0	0	0	0	0	0	0	0	0	2.46657	0	0	0	0	0	0	0	0	0	0	0	0	0	0.0468	0	0	0	0	0	0	3.8999900000000003	0	0	1.27649	0	0.7076600000000001	0	0	0	0	0	0	0	0	0	0	0	0	0	0	0	0	0	0	0	0.01769	0	1.40404	0
Oscillibacter_sp_CAG_241	2|1239|186801|186802|216572|459786|1262911	0.22665	0.38487	0	0.0035	0	0	0	0	0	0	0	0	0.05931	0	0	0	0	0	0.09232	0	0	0.01705	0	0	0	0	0	0	0	0	0	0	0	0	0	0.11105999999999999	0	0	0	0	0	0	0	0	1.28908	0	0	0	0	0.008329999999999999	0	0	0	0	0	0	0.02657	0	0	0.26599	0.17682	0	0	0	0	0	0	0	0	0.33066999999999996	0	0.32808000000000004	0	0	0	0	0	0	0	0	0	0	0	3.9708	0
Intestinibacter_bartlettii	2|1239|186801|186802|186804|1505657|261299	0.0164	0	0.02251	0	0	0	0	0	0	0	0.16677999999999998	0	0	0	0	0	0	0	0	0.04743	0	0.24875	0	0	0	0.02302	0	0.07578	0	0	0	0	0	0	0	0	0	0	0	0.03646	0	0	0	0	0	0	0	0	0	0.61211	0	0	0	0	0	0	0	0	0	0	0	0	0	0.2005	0	0.31299	0	0.23355	0	0.47323000000000004	0	0	0	0	0	0.7740199999999999	2.35055	0.88349	0	1.40325	0.19694	0	0	0	0
Peptostreptococcus_anaerobius	2|1239|186801|186802|186804|1257|1261	0	0	0	0	0	0	0	0	0	0	0	0	0	0	0	0	0	0	0	0	0	0	0	0	0	0	0	0	0	0	0	0	0	0	0	0	0	0	0	0	0	0	0	0	0	0	0	0	0	0	0	0	0	0	0	0	0	0	0	0	0.07363	0	0	0	0	0	0	0	0	0	0	0	0	0	0	0	0	0	0	0	0	0	0	0	0
Peptostreptococcus_stomatis	2|1239|186801|186802|186804|1257|341694	0	0	0	0	0	0	0	0	0	0	0	0	0	0	0	0	0	0	0	0	0	0	0	0	0	0	0	0	0	0	0	0	0	0	0	0	0	0	0	0	0	0	0	0	0	0	0	0	0	0	0	0	0.04819	0	0	0	0	0	0	0	0	0	0	0	0	0	0	0	0	0	0	0	0	0	0	0	0	0	0	0	0	0	0	0	0
Romboutsia_ilealis	2|1239|186801|186802|186804|1501226|1115758	0.01083	0	0	0	0	0	0	0	0	0	0	0	0	0	0	0	0	0	0	0	0	0	0	0	0	0	0	0	0	0	0	0	0	0	0	0	0	0	0	0	0	0	0	0	0	0	0	0	0	0	0	0	0	0	0	0	0	0	0	0	0	0	0	0	0	0.00611	0	0	0	0	0	0	0	0	0	0	0.0255	0	0	0	0	0	0	0	0
Agathobaculum_butyriciproducens	2|1239|186801|186802|541000|2048137|1628085	0.038689999999999995	0.29036999999999996	0.60732	0.22571	0.47308	0	0.08582999999999999	1.86641	0.38592	6.54333	0.17288	0.37083	0.03198	0	0	0.4528	0	0.5385	0	0	1.20507	0.26471	0.30291	0	0	0.44487	0	0.11842000000000001	0.8946299999999999	0	1.23957	2.42528	0	0	1.0264	0.57786	1.8456	0	0	0.895	0.28712	0	0	0.34431999999999996	0.2127	3.9805300000000003	1.05976	0	0.42205	0.02079	1.01247	0	0.09511	0	0.45465	1.1057299999999999	0	0	0	0.1783	0	0	0.43453	0.28185	0.11179000000000001	0	0.32971	0.033089999999999994	0.6991	0.31672	0.26678	0.6196699999999999	0	0.87846	1.7716	0.75432	0	0	0.50542	0.01281	0.28844000000000003	0.69599	0.014130000000000002	0.05536	0
Anaeromassilibacillus_sp_An172	2|1239|186801|186802|541000|1924093|1965570	0	0	0	0	0	0	0	0	0	0	0	0	0	0	0	0	0	0	0	0	0	0	0	0	0	0	0	0	0	0	0	0.27151	0	0	0	0	0	0	0	0	0	0	0	0	0	0	0	0	0	0	0	0	0	0	0	0	0	0	0	0	0	0	0	0	0	0	0	0	0	0	0	0	0	0	0	0	0	0	0	0	0	0	0	0	0
Anaeromassilibacillus_sp_An250	2|1239|186801|186802|541000|1924093|1965604	0.29991	0	0	0.02428	0	0	0	0	0	0	0	0.03119	0	0	0	0	0	0	0	0	0	0	0	0	0	0	0	0	0.00436	0	0.26172	0	0	0	0	0	0	0	0	0	0	0	0	0.31415	0	0	0	0	0	0	0.13367	0	0	0	0	0	0	0	0	0	0	0.062310000000000004	0	0.01099	0	0	0.05159	0	0	0	0.02201	0	0	0	0	0	0	0	0	0	0	0.12107000000000001	0.04573	0	0
Anaerotruncus_colihominis	2|1239|186801|186802|541000|244127|169435	0	0	0	0	0	0	0	0	0	0	0	0	0	0	0	0	0.06559	0	0	0	0	0.013330000000000002	0	0	0	0	0	0	0	0	0	0	0	0	0	0	0	0	0	0	0	0	0	0	0	0	0	0	0	0	0	0	0	0	0	0	0	0	0	0	0	0.053070000000000006	0	0.017669999999999998	0	0	0	0	0	0	0	0	0	0	0	0	0	0	0	0	0	0	0	0	0
Faecalibacterium_prausnitzii	2|1239|186801|186802|541000|216851|853	1.2834299999999998	1.9396099999999998	8.74667	1.55203	2.86096	5.98703	0.74942	5.90885	3.11774	8.018880000000001	9.740260000000001	2.36385	4.48845	0.28067	0.67792	0.7905800000000001	3.27152	2.3826099999999997	0.98413	0.18977	0.33569	1.05606	20.17215	1.38411	0	0.27928000000000003	0	0.49845	7.989910000000001	0.8918799999999999	0.67465	0.21341	1.84048	0	0.61246	9.4811	0.17482	0	0	3.7081	1.88725	2.40207	0	0	0.63843	7.88501	1.04831	0.68683	0.43001999999999996	10.941310000000001	20.54166	0	0.20664000000000002	0	3.1166	9.53646	8.20412	0.12329000000000001	0.44003000000000003	2.30638	0.6559699999999999	17.705029999999997	0.52305	0.00972	0.5583600000000001	1.9618900000000001	0.9839100000000001	38.069309999999994	0.07832	1.37006	12.54854	5.72553	0.14824	3.5385800000000005	2.46411	0.35244000000000003	0	0.05296	4.36848	0.08202000000000001	1.9582400000000002	6.77699	15.288529999999998	10.52005	0
Flavonifractor_plautii	2|1239|186801|186802|541000|946234|292800	0	0	0	0	0	0	0	0	0.43828	0.38243	0	0.3659	0.04763	0	0	0	0.1994	0.59146	0	0	0	0	0	0	0	0	0	0	0	0	0	0	0	0	0	0	0.0029100000000000003	0	0	0	0	0	0	0.3971	0	0	0	0.14794000000000002	0	0	0	0	1.36897	0	0	0	0.11189	0	0	0	0	0.24946	0.02543	0.46697	0.08116	0	0.01672	0.02306	0	0	0.0028899999999999998	0	0	0	0	0	0	0.28961	2.20803	0	0	0	0	0	0
Gemmiger_formicilis	2|1239|186801|186802|541000|204475|745368	0.7044199999999999	0.6832	0.056010000000000004	0.0297	0.7964600000000001	0.056429999999999994	0.03802	0.09531	0	0	0.21811	0.45516	0.04899	0	0	0.91646	0.03684	1.31524	0	0	0	0.34321999999999997	0.05355	0.2034	0	0	0	0.02936	0	0	0	0	1.50029	0	0.05209	0.16732	0.01438	0	0	0	0	0	0	0.26902	1.48243	0.15659	0.90407	0	0	0.37699	0	0	0	0	0	0.19710999999999998	0.04579	0.09181	0	0.6742	0.22675	0	0.05367	0	0	0.28944000000000003	0	0.24991999999999998	0.12886	0.35174	0.20019	0	0	0.051019999999999996	0	0	0	0	0	0.0023	0.03977	0.10943	0.29245	0.44	0
Harryflintia_acetispora	2|1239|186801|186802|541000|1892380|1849041	0	0	0	0	0	0	0	0	0	0	0	0	0	0	0	0	0	0	0	0	0	0.08063	0	0	0	0	0	0	0	0	0	0	0	0	0	0	0	0	0	0	0	0	0	1.9544	0	0	0	0	0	0	0	0	0	0	0	0	0	0	0	0	0	0	0	0	0	0	0	0	0	0	0	0	0	0	0	0	0	0	0	0	0	0	0	0	0
Pseudoflavonifractor_capillosus	2|1239|186801|186802|541000|1017280|106588	0	0	0	0	0	0	0	0	0	0	0	0	0	0	0	0	0	0	0	0	0	0	0	0	0	0	0	0	0	0	0	0	0	0	0	0	0	0	0	0	0	0	0	0	0	0	0	0	0	0	0	0	0	0	0	0	0	0	0	0.0389	0	0	0	0	0	0	0	0	0	0	0	0	0	0	0	0	0	0	0	0	0	0	0	0	0
Clostridium_leptum	2|1239|186801|186802|541000||1535	0.01551	0	0	0.8136899999999999	0	0	0	0.1321	0.00271	0	0.09199	0.053	0.004529999999999999	0	0	0	0	0	0	0	0.24064000000000002	0.51144	0.00586	0	0	0	0	0	0	0.04924	0	0.03163	0.08077000000000001	0	0	0.21473000000000003	0	0	0	0	0	0	0	0	0.025689999999999998	0	0	0	0	0	0	0	0	0	0	0	0	0	0.05175	0.15152000000000002	0.1669	0.0437	0.01208	0	0	0	0.0068	0.20713	0	0	0	0.12713	0	0	0	0.07578	0	0	0.07943	0	0	0.016069999999999997	0	0.10883	0
Eubacterium_siraeum	2|1239|186801|186802|541000||39492	0.69029	0.31625	0	47.62229	0	0	0.1359	0.1508	0	0	0	1.31472	0.03514	0	0	0	0	0	0	0	0	2.83812	1.6861599999999999	0.03482	0	0	0	0	0	0	0	2.88279	0	0	0	3.7176099999999996	0	0	0	0	0	0	0	0.12938	2.56681	0	0	2.3181	0	0	0	0	0	0	0	0	0.63403	0	0	0	1.4821	0	0	0	0	0	0.88792	0	0	0	0	2.7664299999999997	0	0	0.10141	0	0	0	0	0	0	1.61316	0	0	0
Ruminococcaceae_bacterium_D5	2|1239|186801|186802|541000||1520815	0	0	0	0	0	0	0.027410000000000004	0	0	0	0	0	0	0	0	0	0	0	0	0	0	0	0	0	0	0	0	0	0	0	0	0	0	0	0	0	0	0	0	0	0	0	0	0	0	0	0	0	0	0	0	0	0	0	0	0	0	0	0	0	0	0	0	0	0	0	0	0	0	0	0	0	0	0	0	0	0	0	0	0	0	0	0	0	0
Ruminococcus_bicirculans	2|1239|186801|186802|541000|1263|1160721	0.04815	0	0.30054000000000003	0	0	0	1.7052599999999998	0	0	0	0	0.040510000000000004	0	0.61029	0	1.0198399999999999	0	1.59989	0.28591	0	0	0.30013	0	0	0	0	0	0	0	0.26811999999999997	0	0	1.72232	0	1.78119	0	0	0	0	0	0.41562	0	0	0	0	0.56657	0	0	1.1586100000000001	1.33683	0	0	0	0	0	0.57433	0.40471	0.015580000000000002	0	0.22045	0	0	0.35561	0	0	0.27078	0	0	0.2667	3.09187	13.004589999999999	2.98426	0	0	0.9228299999999999	0	0	0	0.07797	0	0.27587	0	0.64294	4.30325	0
Ruminococcus_bromii	2|1239|186801|186802|541000|1263|40518	12.63247	0	14.48895	13.44871	7.874960000000001	0	15.32731	0.80314	0	0	0	0	1.8411	16.58494	0	0	0	0	2.83681	0	15.82276	4.69152	14.363620000000001	0.11502000000000001	0.036430000000000004	7.88236	0	0	0	0	5.0607	2.4236400000000002	13.749220000000001	0	0	1.42394	0	0	0	11.869000000000002	0	0	0	21.56414	30.61257	5.09561	2.93192	0	0	0	6.27295	0	0	0	2.01575	5.03625	3.10649	0.29167	6.11308	1.24635	4.3556	0	0	14.677779999999998	0	0	3.02947	5.88844	0	2.58489	5.38251	5.41981	0	0	0	0	0	0	0	0	7.85535	14.695479999999998	4.20489	15.462129999999998	0
Ruminococcus_callidus	2|1239|186801|186802|541000|1263|40519	0	0	0	0	0	0	0	0	0	0	0	0	0	0	0	0	0	0	0	0	0	0	0	0	0	0	0	0	0	0	0	0	0	0	0	0	0	0	0	0	0	0	0	0	0	0	0	0	0	0	0.03868	0	0	0	0	0	0.0455	0	0	0	0	0	0	0	0	0.00464	0	0	0	0	0	0	0	0	0	0	0	0	0	0	0	0	0	0.07061	0
Ruminococcus_champanellensis	2|1239|186801|186802|541000|1263|1161942	0	0	0	0	0	0	0	0	0	0	0	0	0	0	0	0	0	0	0	0	0	0	0	0	0	0	0	0	0	0	0	0	0	0	0	0	0	0	0	0	0	0	0	0	1.71419	0	0	0	0	0.40289	0	0	0	0	0	0	0	0	0	0	0	0	0	0	0	0	0	0	0	0	0	0	0	0	0	0	0	0	0	0	0	0	0	0	0
Ruminococcus_lactaris	2|1239|186801|186802|541000|1263|46228	0	0	0	0	0	0	0	0.09218	0	0	0	0	2.23176	0	0	0	0	0	0	0	0	0	0	0	0	0	0	0	0	0	0	0	0	0	0	0	0	0	0	0	0	0	0	0	0.09999	0.6433	0	0	0	0	0	0	0	0	0	0.09996000000000001	0.8258	0	0	0	0	0	0	0	0	0.9890899999999999	0	0	0	0.07714	3.18145	0	0.15302000000000002	0	0	0	0	0	0	0	0	0.86003	0	1.11955	0
Ruminococcus_obeum_CAG_39	2|1239|186801|186802|541000|1263|1263107	0	0	0	0	0	0.14487	0	0	0	0	0	0	0	0	0	0	0	0	0	0	0	0	0	0.05385	0	0	0	0	0.16196	0	0	0	0	0	0	0	0	0	0	0	0	0	0	0	0	0	0.29805	0	0	0	0	0	0	0	0	0	0	0	0	0	0	0	0	0	0	0	0	0	0	0	0	0	0	0	0	0	0	0	0	0	0	0	0	0	0
Ruminococcus_sp_CAG_403	2|1239|186801|186802|541000|1263|1262958	0	0	0	0	0	0	0	0	0	0	0.00586	0	0	0	0	0	0	0	0	0	0	0	0	0	0	0	0	0	0	0	0	0	0	0	0	0	0	0	0	0	0	0	0	0	0	0	0	0	0	0	0	0	0	0	0	0	0	0	0	0	0	0	0	0	0	0	0	0	0	0	0	0	0	2.0592	0	0	0	0	0	0	0	0	0	0	0
Ruminococcus_sp_CAG_488	2|1239|186801|186802|541000|1263|1262959	0	0	0	0	0	0	0	0	0	0	0	0	0	0	0	0	0	0	0	0	0	0	0	0	0	0	0	0	0	0	0	0	0	0	0	0	0	0	0	0	0	0	0	0	0	0	0	0	0	0	0	0	0	0	0	0	1.40858	0	0	0	0	0	0	0	0	0	0	0	0	0	0	0	0	0	0	0	0	0	0	0	0	0	0	0	0
Ruthenibacterium_lactatiformans	2|1239|186801|186802|541000|1905344|1550024	0.50869	1.17157	0.47058999999999995	0.12009	0.03808	0.16371	0.72465	0.24059	0.56884	0.29141	0.39132	1.2727899999999999	0.32944	0.52271	0	0.1489	3.8643199999999998	1.00437	1.1319	0	0	0.62395	0.70698	1.73859	1.98062	0.02659	0	0.22541999999999998	0.11735999999999999	0.19284	0.81012	4.21168	1.36411	0	0.27515	0.53618	0.57915	0	0	1.9832599999999998	0.46974	0	0	2.56534	0.09946	0	0.0116	0.39551	0.98734	0.42222	3.54215	0	4.79854	0	0.027460000000000002	0.06494	1.1739899999999999	0.013890000000000001	0.13315	0.70554	0.34086	1.29731	0.55965	3.478	0.95221	0.27416999999999997	0.60588	0.74502	0	0.67361	0.31259000000000003	0.34797	0	0	0	0.85516	0	0.60363	0.64208	0	0	0.27863000000000004	0.24308000000000002	0.12093	0
Absiella_dolichum	2|1239|526524|526525|128827|2057233|31971	0	0	0	0	0	0	0	0	0	0	0	0	0	0	0	0	0	0	0	0	0	0	0	0	0	0	0	0	0	0	0	0	0	0	0	0	0	0	0	0	0	0	0	0	0	0	0	0	0	0	0	0	0	0	0	0	0	0	0	0	0.25087	0	0	0	0	0	0	0	0	0	0	0	0	0	0	0	0	0	0	0.09262000000000001	0	0	0	0	0
Catenibacterium_mitsuokai	2|1239|526524|526525|128827|135858|100886	0	0	0	0	0	11.81635	0	0	0	0	0	0	0	0	0	0	0	0	0	0	0	0	0	0	0	0	0	0	0	0	0	0	0	0	0	0.60633	0	0	0	0	0	0	0	0	0	0	0	0	0	0	0	0	0	0	0.83635	0	0	0.35026999999999997	0	0	0	0	0	0	0	0	0	0	0	0.60598	0	0	0	0	0	0	0	0	0	0	0	0	0	0	0
Coprobacillus_cateniformis	2|1239|526524|526525|128827|100883|100884	0	0	0	0	0	0	0	0	0	0	0	0	0	0	0	0	0	0	0	0	0	0	0	0	0	0	0	0	0	0	0	0	0	0	0	0	0	0	0	0	0	0	0	0	0	0	0	0	0.029910000000000003	0	0	0	0	0	0	0	0.01913	0	0	0	0	0	0	0	0	0	0	0	0	0	0	0	0	0	0	0	0	0	0	0	0	0	0	0	0
Dielma_fastidiosa	2|1239|526524|526525|128827|1472649|1034346	0	0	0	0	0	0	0	0	0	0	0	0	0	0	0	0	0	0	0	0	0	0	0	0	0	0	0	0	0	0	0	0	0	0	0	0	0	0	0	0	0	0	0	0	0	0	0	0	0	0	0	0	0.06287000000000001	0	0	0	0	0	0	0	0	0	0	0.03336	0	0	0	0	0	0	0	0	0	0	0	0	0	0	0	0	0	0	0	0	0
Clostridium_innocuum	2|1239|526524|526525|128827|1505663|1522	0	0	0	0	0	0	0	0.00425	0	1.81817	0	0.01406	0	0	0	0	0	0	0	0.03972	0	0	0	0	0.12724000000000002	0	0	0	0	0	0.00715	0.11408	0	0	0	0	0	0	5.1984	0	0	0.07424	0	0	0	0	0	0.57018	0	0	0	0	0.49346	0	0	0	0	0	0	0	0	0	0.05799	0.75484	0.9126299999999999	0	0	0	0	0	0	0	0.00854	0	0	0	0	0.25229	0	0	0	0	0	0	0
Clostridium_spiroforme	2|1239|526524|526525|128827|1505663|29348	0	0	0	0	0	0	0	0	0	0	0	0.0056700000000000006	0.030260000000000002	0	0	0	0	0	0	0	0	0	0	0	0	0	0	0	0	0	0	0	0	0	0	0	0	0	0	0	0	0	0	0	0	0	0	0	0	0	0	0	0	0	0	0	0	0	0	0	0	0	0	0	0.2528	0.01705	0.0017100000000000001	0	0	0	0	0	0.0061200000000000004	0	0	0	0	0	0	0	0	0	0	0	0
Erysipelatoclostridium_ramosum	2|1239|526524|526525|128827|1505663|1547	0	0	0	0	0	0	0	0.17452	0	0	0	0	0.00256	0	0	0	0	2.7044799999999998	0	0.96198	0	0	0	0	1.91635	0.3465	0	0	0	0	0.03815	0	0	0	0	0	0.30793000000000004	0	0.5331100000000001	0	0	0.11285	0	0.06816	0	0	0.15472	0	0.05671	0	0	0	1.03505	0	0	0	0	0	0	0	0	0.00415	0.0059700000000000005	1.82133	1.50171	0	0	0	0	0	0	0	0.02939	0	0	0	0.9914	0.26443	0	0	0	0	0	0	100.0
Faecalitalea_cylindroides	2|1239|526524|526525|128827|1573534|39483	0	0	0	0	0	0	0.46373000000000003	0	0	0	0	0	0	0.36461	0	0	0	0	0	0	0	0	0	0	0	0	0	0	0	0	0	0	0	0	0	0.08311	0	0	0	0	0	0	0	0	0	0	0	0	0	0	0	0	0	0	0	0	0	0	0	0	0	0	0.90412	0	0	0	0.66219	0	0	0	0	0	0	0	0.03723	0.90494	0	0	0	0	0	0	0	0	0
Holdemanella_biformis	2|1239|526524|526525|128827|1573535|1735	0.00563	0.064	0	0	0.24966999999999998	0	0	0	0	0	0	0	0	0	0	0	0	0	0	0	0	0	0	0	0	0	0	0	0	0	0	0	0.10036	0	0	0	0	0	0	0	0	0	0	0	0	0	0	0	0	0	0	0	0	0	0	0	0	0	0	0	0	0	0	0	0	3.26705	0	0	0.41098	0	0	0	0	8.2856	0	0	0	0	0	0	0	0	0	0	0
Holdemania_filiformis	2|1239|526524|526525|128827|61170|61171	0	0	0	0	0	0	0	0	0.07715	0	0	0.15752	0	0	0	0	0	0	0	0	0	0	0	0	0	0	0	0	0	0	0	0	0	0	0	0	0	0	0	0	0	0	0	0	0	0	0	0	0	0	0	0	0	0	0	0	0	0	0	0	0	0	0	0	0	0	0	0	0	0	0	0.16352	0	0	0	0	0	0	0.06928	0	0	0.011179999999999999	0	0	0
Solobacterium_moorei	2|1239|526524|526525|128827|123375|102148	0	0	0	0	0	0	0	0	0	0	0	0	0	0	0	0	0	0	0	0	0	0	0	0	0	0	0	0	0	0	0	0	0	0	0	0	0	0	0	0	0	0	0	0	0	0	0	0	0	0	0	0	0.11859000000000001	0	0	0	0	0	0.11547	0	0.01799	0	0	0	0	0	0	0	0	0	0	0	0	0	0	0	0	0	0	0	0	0	0	0	0
Turicibacter_sanguinis	2|1239|526524|526525|128827|191303|154288	0.07067000000000001	0	0.08082	0	0	0	0	0	0	0	0.29014	0	0	0	0	0.31666	0	0	0	0	0	0	0.29345	0	0	0	0	0	0	0	0	0.22925	0.05898	0	0	0	0	0	0	0	0	0	0	0	0.64179	0	0.77727	0	0	0	0	0	0	0	0	0.08282	0	0	0	0.01166	0	0	0	0	0	0.34726	0.12625999999999998	0.12642	0	0	0	0	0	0	0	0	9.54865	0	0	0	0	0	0	0	0
Firmicutes_bacterium_CAG_110	2|1239|||||1263000	0.5192100000000001	0	0.09346	0	0	0	0.34115999999999996	0	0	0	0.48683000000000004	0	0	0.14337	0	0	0	0	0	0	0	0	0	0	0	0	0	0	0	0	0	1.1853200000000002	0	0	0	0	0	0	0	0	0	0	0	0	0.39368000000000003	0	0	0	0	1.54721	0	0	0	0	0	0	0	0	0	0	0	0	0	0	0	0	0.00398	0	0	0	0	0	0	0	0	0	0	0	0	0	0	0	0	0	0
Firmicutes_bacterium_CAG_145	2|1239|||||1263005	1.36155	0	0	0.16597	0	0	0	0	0.31737	0	0	0.04763	0	0	0	0	0	0	0	0	0	0	0	0	0	0.05074	0	0	0	0	0	0	0	0	0	0	0.03701	0	0	0	0	0	0	0	0	0	0	0	0.09475	0.058539999999999995	0	0	0	0	0	0	0	0	8.19433	0.43381000000000003	0	0.08298	0	0	0	0	0	0	0	0	0.21948	0	0	0	0	0	0	0	0.09894	0	0	0.10085	0.36811	0	0
Firmicutes_bacterium_CAG_238	2|1239|||||1263011	0	0	0	0	0	0	0	0	0	0	0	0	0	0	0	0	0	0	0	0	0	0	0	0	0	0	0	0	0	0	0	0	0	0	0	0	0	0	0	0	0	0	0	0	0	0	0	0	0	0.10212	0	0	0	0	0	0	0	0	0	0	0	0	0	0	0	0	0	0	0	0	0	0	0	0	0	0	0	0	0	0	0	0	0	0	0
Firmicutes_bacterium_CAG_424	2|1239|||||1263022	0	0	0	0	0	0	0	0	0.51923	0	0	0	0	0	0	0	0	0	0	0	0	0	0	1.25153	0	0.31287	0	0	0	0	1.01919	0	0	0	0.10117000000000001	0	0	0	0	0	0	0	0	0	0	0	0	0	0	0	0	0	2.01505	0	0	0	0	0	0	0	0	0	0	0	0	0	0	0	0	0	0	0	1.02581	0	0	0.59726	0	4.30967	0.08685	0	0	0	0	0	0
Firmicutes_bacterium_CAG_555	2|1239|||||1263030	0	0	0	0	0	0	0	0	0	0	0	0	0	0	0	0	0	0	0	0	0	0	0	0	0	0	0	0	0	0	0	0	0	0	0	0	0	0	0	0	0	0	0	0	12.344560000000001	0	0	0	0	0	0	0	0	0	0	0	0	0	0	0	0	0	0	0	0	0	0	0	0	0	0	0	0	0	0	0	0	0	0	0	0	0	0	0	0
Firmicutes_bacterium_CAG_646	2|1239|||||1262995	0	0	0	0	0	0	0	0	0	0	0	0	0	0	0	0	0	0	0	0	0	0	0	0	0	0	0	0	0	0.10057999999999999	0	0	0	0	1.31669	0	0	0	0	0	0	0	0	0	0	0	0	0	0	0	0	0	0	0	0	0	0	0	0	0	0	0	0	0	0	0	0	0	0	0	0	0	0	0	0	0.03709	0	0	0	0.25294	0	0	0	0	0
Firmicutes_bacterium_CAG_83	2|1239|||||1262992	0.21631	0	0	0.50354	0	0	0	0.048010000000000004	0.05926	0	0.20829	1.5582799999999999	0	0	0	0	0.24235	0	0.96459	0	1.38729	0	0	0	0	0	0	0	0	2.98468	0	0	0	0	0	0	0	0	0	0	0.5817899999999999	0	0	0	2.033	0.08321	0	0	2.0640099999999997	0	0	0	0	0	0	0.16042	0.15542999999999998	0	3.39656	0	0	0	8.452580000000001	0.65027	0	0	0	0	0.13108	0.18925999999999998	6.81953	5.19674	0	0	0	0	0	0	0	0	0	0	1.7367099999999998	0.76215	0
Firmicutes_bacterium_CAG_94	2|1239|||||1262989	0	0	0	0	0	0	0	0	0	0	0	0.5397	0	0	0	0	0	0	0	0	0	0	0	0	0	0	0	0	0	0.06708	0	0.71424	0	0	0	0	0	0	0	0	0	0	0	0	0	0	0	0	0	0	0	0	0	0	0	0	0	0	0	0	0	0	0	0	0	0	0	0	0	0	0	0	0	0	0	0	0	0	0	0	0	0	0	0	0
Firmicutes_bacterium_CAG_95	2|1239|||||1262988	0.02501	0	0	0.01238	0	0	0	0	0	0	0	0	0	0	0	0	0	0	0	0	0	0	0	0	0	0	0	0	0	0	0	0	0	0	0	0	0	0	0	0	0	0	0	0	0.12880999999999998	0	0	0	0	0	0	0	0	0	0	0	0	0	0	0	0	0	0	0	0	0	0	0	0	0	0	0	0	0	0	0	0	0	0	0	0	0	0	0	0
Acidaminococcus_intestini	2|1239|909932|1843488|909930|904|187327	0	0	0	0	0	0	0	0	0	0	0	0	0	0	0	0	1.2543600000000001	0	0	0	0	0	0	0	0	0	0	0	0	0	0	0	0	0	0	0.55505	0	0	0	0	0	0	0	0	0	0	0	0	0	0	0	0	0	0	0	0	0	0	0	0	0	0	0	0	0	0	0	0	0	0	0	0	0	0	0	0	0	0	0	0	0	0.00798	0	0	0
Phascolarctobacterium_faecium	2|1239|909932|1843488|909930|33024|33025	0.01066	0	0.15979000000000002	0	0	0	0	0	0	0	0	0	0	0	0	0	0	0.9022899999999999	0	0	0	0	0	0	0	0	0	0	0	0	0	0	0	0	0	0	0	0	0	0	0	0	0	0	0.31019	0	0.10528	0	0	0.15084	0	0	0.07815	0	0	0	0	0	0	0	0	0.8398399999999999	0	0.01445	0	0	0	0	0	0	0	0.12780999999999998	0	0	0	0	0	0	0.59082	0	0	0.0395	0	1.94688	0
Phascolarctobacterium_sp_CAG_266	2|1239|909932|1843488|909930|33024|1262915	0	0	0	0	0	0	0.0941	0	0	0	0	0	0	0	0	0	0	0	0	0	0	0	0	0	0	0	0	0	0	0	0.02041	0	0	0	0	0	0	0	0	0	0	0	0	0	0	0	0	0	0	0	0	0	0	0	0	0	0	0	0	0	0	0	0	0	0	0	0	0	0	0	0	0	0	0	0	0	0	0	0	0	0	0	0	0	0
Phascolarctobacterium_succinatutens	2|1239|909932|1843488|909930|33024|626940	0	0	0	0.18198	0	0	0	0	0	0	0	0	0	0	0	0	0	0	0	0	0	0	0	0	0	0	0	0	0	0	0	0	0	0	0	0.5839300000000001	0	0	0	0	0	0	0	0	0	0	0	0	0	0	0.06896000000000001	0	0	0	0	0	0.27542	0	0	0	0	0	0.05248	0	0	0	0	0	0	0	0	0	0	0	0	0	0	0	0	0	0	0	0	0	0
Megamonas_funiformis	2|1239|909932|909929|1843491|158846|437897	0	0	0	0	0	0	0	0	0	0	0	0	0	0	0	0	0	0	0	0	0	0	0	0	0	0	0	0	0	0	0	0	0	0	0	0	0	0	0	0	0	0	0	0	0	0	0	0	0	0	0	0	0	0	0	0	0	0	0	0	0	0	0	0	0	0	0	0	0	0	0	0	0	0.53085	0	0	0	0	0	0	0	0	0	0	0
Megamonas_funiformis_CAG_377	2|1239|909932|909929|1843491|158846|1263086	0	0	0	0	0	0	0	0	0	0	0	0	0	0	0	0	0	0	0	0	0	0	0	0	0	0	0	0	0	0	0	0	0	0	0	0	0	0	0	0	0	0	0	0	0	0	0	0	0	0	0	0	0	0	0	0	0	0	0	0	0	0	0	0	0	0	0	0	0	0	0	0	0	0.11709000000000001	0	0	0	0	0	0	0	0	0	0	0
Dialister_invisus	2|1239|909932|1843489|31977|39948|218538	0	0	0	0	0	0	0	0	0	0	0	0	0.70128	0	0	0.60226	0.03415	0	0	0.02576	0	0	0.7703399999999999	0	0	0.15135	0	0	0	0	0	5.15906	0	0	0	0	0	0	0	0.8668399999999999	0	0	0	0.29299000000000003	0	0	0	0	0	0	0	0	0	0	0	0	0	0	0	0.05658	0	0	0	0	0	0.00821	0	0	0	0	0.9407200000000001	0	0	0	0	0	0	0	0	0	0	0	0.02056	0	0
Dialister_sp_CAG_357	2|1239|909932|1843489|31977|39948|1262869	0	0	0	0	0	0	0	0	0	0.15955	0	0	0	0	0	0	0	0	0	0	0	0	0	0	0	0	0	0	0	0	0	0	0	0	0	0	0	0	0	0	0	0	0	0	0	0	0	0	0	0	0	0	0	0	0	0	0	0	0	0	0	0	0	0	0	0	0	0	0	0	0	0	0	0	0	0	0	0	0	0	0	0	0	0	0
Megasphaera_sp_DISK_18	2|1239|909932|1843489|31977|906|1776081	0	0	0	0	0	0	0	0	0	0	0	0	0	0	0	0	0	0	0	0	0	0	0	0	0	0.36946	0	0	0	0	0	0	0	0	0	0	0	0	0	0	0	0	0	0	0	0	0	0	0	0.01137	0	0	0	0	0	0	0	0	0	0	0	0	0	0	0	0	0	0	0	0	0	0	0	0	0	0	0	0	0	0	0	0	0	0	0
Megasphaera_sp_MJR8396C	2|1239|909932|1843489|31977|906|1603888	0	0	0	0	0	0	0	0	0	0.37112	0	0	0	0	0	0	0	0	0	0	0	0	0	0	0	0	0	0	0	0	0	0	0	0	0	0	0	0	0	0	0	0	0	0	0	0	0	0	0	0	0	0	0	0	0	0	0	0	0	0	0	0	0	0	0	0	0	0	0	0	0	0	0	0	0	0	0	0	0	0	0	0	0	0	0
Veillonella_atypica	2|1239|909932|1843489|31977|29465|39777	0	0	0	0	0	0	0	0	0	0	0	0	0	0	0	0	0	0	0	0	0	0	0	0	0	0	0	0	0	0	0	0	0	0	0	0	0	0	0	0	0	0	0	0	0	0.42302	0	0	0	0	0	0	0	0	0	0	0	0	0	0	0	0	0	0	0	0	0	0	0	0	0	0	0	0	0	0	0	0	0	0	0	0	0	0	0
Veillonella_dispar	2|1239|909932|1843489|31977|29465|39778	0	0	0	0	0	0	0	0	0	0	0	0	0	0	0	0	0	0	0	0	0	0	0	0	0	0	0	0	0	0	0	0	0	0	0	0	0	0	0	0	0	0	0	0	0	0.18445	0	0	0	0	0	0	0	0	0	0	0	0	0	0	0	0	0	0	0	0	0	0	0	0	0	0	0	0	0	0	0	0	0	0	0	0	0	0	0
Veillonella_parvula	2|1239|909932|1843489|31977|29465|29466	0	0	0	0	0	0	0	0	0	0	0	0	0	0	0	0	0	0	0	0.03907	0	0	0	0	0	0	0	0	0	0	0	0	0	0	0	0	0	0	0	0	0	0	0	0	0	0	0	0	0	0	0	0	0	0	0	0	0	0	0	0	0	0	0	0	0	0	0	2.1705900000000002	0	0	0	0	0	0	0	0	0.05824	0	0	0	0	0.51599	0	0	0
Parvimonas_sp_oral_taxon_110	2|1239|1737404|1737405|1570339|543311|671230	0	0	0	0	0	0	0	0	0	0	0	0	0	0	0	0	0	0	0	0	0	0	0	0	0	0	0	0	0	0	0	0	0	0	0	0	0	0	0	0	0	0	0	0	0	0	0	0	0	0	0	0	0.02546	0	0	0	0	0	0	0	0	0	0	0	0	0	0	0	0	0	0	0	0	0	0	0	0	0	0	0	0	0	0	0	0
Fusobacterium_necrophorum	2|32066|203490|203491|203492|848|859	0	0	0	0	0	0	0	0	0	0	0	0	0	0	0	0	0	0	0	0	0	0	0	0	0	0	0	0	0	0	0	0	0	0	0	0	0	0	0	0	0	0	0	0	0	0	0	0	0	0	0	0	0	0	0	1.10005	0	0	0	0	0	0	0	0	0	0	0	0	0	0	0	0	0	0	0	0	0	0	0	0	0	0.11381	0	0	0
Fusobacterium_ulcerans	2|32066|203490|203491|203492|848|861	0	0	0	0	0	0	0	0	0	0	0	0	0	0	0	0	0	0	0	0	0	0	0	0	0	0	0	0	0	0	0	0	0	0	0	0	0	0	0	0	0	0	0	0	0	0	0	0	0	0	0	0	0	0	0	0	0	0	0	0	0	0	0	0.00695	0	0	0	0	0	0	0	0	0	0	0	0	0	0	0	0	0	0	0	0	0
Comamonas_kerstersii	2|1224|28216|80840|80864|283|225992	0	0	0	0	0	0	0	0	0	0	0	0	0	0	0	0	0	0	0	0	0	0	0	0	0	0	0	0	0	0	0	0	0	0	0	0	0	0	0	0	0.5486800000000001	0	0	0	0	0	0	0	0	0	0	0	0	0	0	0	0	0	0	0	0	0	0	0	0	0	0	0	0	0	0	0	0	0	0	0	0	0	0	0	0	0	0	0	0
Oxalobacter_formigenes	2|1224|28216|80840|75682|846|847	1.3366	0	0	0	0	0	0	0	0	0	0	0	0	0	0	0	0	0	0	0	0	0	0	0	0	0	0	0	0	0	0	0	0	0	0	0	0	0	0	0	0	0	0	0	0	0	0	0	0	0	0	0	0	0	0	0	0	0	0	0	0	0	0	0	0	0	0	0	0	0	0	0	0	0	0	0	0	0	0	0	0	0	0	0.08862	0
Parasutterella_excrementihominis	2|1224|28216|80840|995019|577310|487175	0	0	0	0	0	0	0	0	0	0	0	0	0.31887	0	0	0	0	0	0	0	0	0	0	0	0	0	0	0	0	0	0	0	0	0	0	0	0	0	0	0	0	0	0	0	0	0	0	0	0	0	0	0	0	0	0	0	0	0	0	0	0	0	0	0	0	0	0	0	0	0	0	0	0	0	0	0	0	0	0.3298	0	0	0	0.27810999999999997	0.10469	0
Turicimonas_muris	2|1224|28216|80840|995019|1918598|1796652	0.00837	0	0	0	0	0	0	0	0	0	0	0	0.0181	0	0	0	0	0.027239999999999997	0	0	0	0	0	0	0	0	0	0	0	0	0	0	0	0	0	0	0	0	0	0	0	0	0	0	0	0	0	0	0	0	0	0	0	0	0	0	0	0	0	0	0	0	0	0	0	0	0	0.1468	0	0	0	0	0	0	0	0	0	0	0	0	0	0	0	0	0
Bilophila_wadsworthia	2|1224|28221|213115|194924|35832|35833	0	0	0	0	0	0	0	0	0	0	0	0	0	0	0	0	0	0	0	0	0	0	0	0	0	0	0	0	0	0	0	0	0	0	0	0	0	0	0	0	0	0	0	0	0	0	0	0	0	0	0	0	0	0	0	0	0	0	0	0	0	0	0	0	0	0	0	0	0	0	0	0	0	0	0	0	0	0	0.0162	0	0	0	0	0	0
Desulfovibrio_fairfieldensis	2|1224|28221|213115|194924|872|44742	0	0.012830000000000001	0	0	0	0	0	0	0	0	0	0	0	0	0	0	0	0	0	0	0	0	0	0	0	0	0	0	0	0	0	0	0	0	0	0	0	0	0	0	0	0	0	0	0	0	0	0	0	0.09751	0	0	0	0	0	0	0	0	0	0	0	0	0	0	0	0	0	0	0	0	0	0	0	0	0	0	0	0	0	0	0	0	0	0.00403	0
Desulfovibrio_piger	2|1224|28221|213115|194924|872|901	0	0	0	0	0	0	0	0	0	0	0	0	0	0	0	0	0	0	0	0	0	0	0	0	0	0	0	0	0	0	0	0	0	0	0	0	0	0	0	0	0	0	0	0	0	0	0	0	0	0	0	0	0	0	0	0	0	0	0	0	0	0.42303999999999997	0	0	0	0	0	0	0	0	0	0	0	0	0	0	0	0	0	0	0	0	0	0	0
Citrobacter_freundii	2|1224|1236|91347|543|544|546	0	0	0	0	0	0	0	0	0	0	0	0	0	0	0	0	0	0	0	0	0	0	0	0	0	0	0	0	0	0	0	0	0	0	0	0	0	0	0	0	0	0	0	0	0	0	0	0	0	0	0	0	0	0	0	0	0	0	0	0	0	0	0	0	0	0	0	0	0	0	0	0	0	0	0	0	4.5016099999999994	0	0	0	0	0	0	0	0
Citrobacter_koseri	2|1224|1236|91347|543|544|545	0	0	0	0	0	0	0	0	0	0	0	0	0	0	0	0	0	0	0	0	0	0	0	0	0	0	0	0	0	0	0	0	0	0	0	0	0	0	0	0	0	0	0	0	0	0	0	0	0	0	0	0	0	0	0	0	0.01859	0	0	0	0	0	0	0	0	0	0	0	0	0	0	0	0	0	0	0	0	0	0	0	0	0	0	0	0
Citrobacter_portucalensis	2|1224|1236|91347|543|544|1639133	0	0	0	0	0	0	0	0	0	0	0	0	0	0	0	0	0	0	0	0	0	0	0	0	0	0	0	0	0	0	0	0	0	0	0	0	0	0	0	0	0	0	0	0	0	0	0	0	0	0	0	0	0	0	0	0	0	0	0	0	0	0	0	0.0417	0	0	0	0	0	0	0	0	0	0	0	0	0	0	0	0	0	0	0	0	0
Citrobacter_youngae	2|1224|1236|91347|543|544|133448	0	0	0	0	0	0	0	0	0	0	0	0	0	0	0	0	0	0	0	0	0	0	0	0	0	0	0	0	0	0	0	0	0	0	0	0	0	0	0	0	0	0	0	0	0	0	0	0	0	0	0	0	0	0	0	0	0	0	0	0	0	0	0	0	0	0	0	0	0	0	0	0	0	0	0	0	0.48868999999999996	0	0	0	0	0	0	0	0
Enterobacter_cloacae_complex	2|1224|1236|91347|543|547|354276	0	0	0	0	0	0	0	0	0	0	0	0	0	0	0	0	0	0	0	0	0	0	0.54779	0	0	0	0	0	0	0	0	0	0	0	0	0	0	0	0	0	0	0	0	0	0	0	0	0	0	0	0.20749	0	0	0	0	0	0	0	0	0	0	0	0	0	0	0	0	0	0	0	0	0	0	0	0	0	0	0	0	0	0	34.260870000000004	0	0	0
Escherichia_coli	2|1224|1236|91347|543|561|562	0	0.05964	0	0	0	4.710369999999999	0.31986	0	0.08505	0.30041999999999996	0	0.75039	0	0	3.19752	0	5.10859	0	0	5.37402	0	2.92093	0	0.25189	0	0.7349899999999999	0	81.93814	22.00473	0	0	46.81191	0.63144	0	0	2.3207400000000002	0	0	0	0	0.14727	8.477030000000001	0	0.35569	0.1623	0	0.08517999999999999	0	0	0	0	0	6.03435	0	0	41.791779999999996	2.03337	0	0	1.2376200000000002	0	0.011170000000000001	0	3.8717900000000003	0	0	0	0	0	0	0	0	0	0	0	0.68913	0	2.4428099999999997	0.01178	16.31822	0	0	0	0	0
Klebsiella_aerogenes	2|1224|1236|91347|543|570|548	0	0	0	0	0	0	0	0	0	0	0	0	0	0	0	0	0	0	0	0	0	0	0	0	0	0	0	0	0	0	0	0	0	0	0	0	0	0	0	0	0	0.01647	0	0	0	0	0	0	0	0	0	0	0	0	0	0	0	0	0	0	0	0	0	0	0	0	0	0	0	0	0	0	0	0	0	0	9.32007	0	0	0	0	0	0	0	0
Klebsiella_michiganensis	2|1224|1236|91347|543|570|1134687	0	0	0	0	0	0	0	0	0	0	0	0	0	0	0	0	0	0	0	0	0	0	0	0	0	0	0	0	0	0	0	0	0	0	0	0	0	0	0	0	0	0	0	0	0	0	0	0	0	0	0.07377	0	0	0	0	0	0	0	0	0	0	0	0	0	0	0	0	0	0	0	0	0	0	0	0	0	0	0	0	0	0	0	0	0	0
Klebsiella_oxytoca	2|1224|1236|91347|543|570|571	0	0	0	0	0	0	0	0	0	0	0	0	0	0	0	0	0	0	0	0	0	0	0	0	0	0	0	0.33015	0	0	0	0	0	0	0	0	0	0	0	0	0	0	0	0	0	0	0	0	0	0	0.12775999999999998	0	0	0	0	0	0	0	0	0	0	0	0	0	0	0	0	0	0	0	0	0	0	0	0	0	0	0	0	0	0	0	0	0	0
Klebsiella_pneumoniae	2|1224|1236|91347|543|570|573	0	0	0	0	0	0.33305	0	0	0	0	0	0	0	0	0	0	0	0	0	0	0	0	0.11564	0	0	0	0	0.21209	0	0	0	0	0	0	0	0	0	0	0	0	0	6.440919999999999	0	0	0	0	0	0	0	0	0	0	0	0	0	0	0	0	0	0	0	0	0	0	0	0	0	0	0	0	0	0	0	0	0	0	0.33924	0	0	1.45579	0	0	0	0	0
Klebsiella_quasipneumoniae	2|1224|1236|91347|543|570|1463165	0	0	0	0	0	0	0	0	0	0	0	0	0	0	0	0	0	0	0	0	0	0	0	0	0	0	0	0	0	0	0	0	0	0	0	0	0	0	0	0	0	0.15004	0	0	0	0	0	0	0	0	0	0	0	0	0	0	0	0	0	0	0	0	0	0	0	0	0	0	0	0	0	0	0	0	0	0	0	0	0	0.07654	0	0	0	0	0
Klebsiella_variicola	2|1224|1236|91347|543|570|244366	0	0	0	0	0	0.03937	0	0	0	0	0	0	0	0	0	0	0	0	0	0	0	0	0	0	0	0	0	0	0	0	0	0	0	0	0	0	0	0	0	0	0	1.20652	0	0	0	0	0	0	0	0	0.11492000000000001	0	0	0	0	0	0	0	0	0	0	0	0	0	0	0	0	0	0	0	0	0	0	0	0	0	0	0	0	0.46613999999999994	0	0	0	0	0
Haemophilus_parainfluenzae	2|1224|1236|135625|712|724|729	0	0	0.053270000000000005	0	0	0	0	0	0	0	0	0	0	0	0	0	0	0	0	0	0	0	0	0	0	0	0	0	0	0	0	0	0	0	0	0	0	0	0	0	0	0	0	0	0	0	0	0	0	0	0	0	0	0	0	0	0	0	0	0	0	0	0	0	0	0	0	0.016	0	0	0	0	0	0	0	0	0	0	0	0	0	0	0	0	0
Pseudomonas_fragi	2|1224|1236|72274|135621|286|296	0	0	0	0	0	0	0	0	0	0	0	0	0	0	0	0	0	0	0	0	0	0	0	0	0	0	0	0	0	0	0	0	0	0	0	0	0	0	0	0	0	0	0	0	0	0.22229000000000002	0	0	0	0	0	0	0	0	0	0	0	0	0	0	0	0	0	0	0	0	0	0	0	0	0	0	0	0	0	0	0	0	0	0	0	0	0	0	0
Proteobacteria_bacterium_CAG_139	2|1224|||||1262986	0.33149	0	0	0.00277	0	0	0	0	0	0	0	0	1.2566700000000002	0	0	0	0.13029000000000002	0	0	0	0	0	0	0	0	0	0	0	0	0	0	0	0	0	0	0	0	0	0	0	0	0	0	0	0	0	0	0	0	0	0	0	0	0	0	0	0	0	0	0	0	0	0	0	0	0	0	0	0	0	0	0	0	0	0	0	0	0	0	0	0	0	0	0	0
Akkermansia_muciniphila	2|74201|203494|48461|1647988|239934|239935	0.08726	4.71399	0	5.19949	0	0.02014	60.983959999999996	0.14289000000000002	0	0	0	17.40636	0	66.4029	0	2.64132	0	24.351470000000003	3.11383	0	1.36515	0	0	0.56994	0	0.27735	0	0	28.15217	12.620439999999999	11.732660000000001	0	1.63673	0	4.31302	0	0	0	11.968689999999999	0	12.53168	0.02992	0	0	0	35.47075	0	0	0	0	7.01352	0	0	0	0	0	28.88523	0	0	8.7178	20.26952	0.23945999999999998	0	0	0	4.61365	0	5.0671	0	0.15134	9.79433	50.00023	0.013569999999999999	1.3283200000000002	0	0	0	0	33.24975	0.14495	0	0.06826	0	0	0
